[1,0,0,[["cc.Skeleton",["_name","_hash","_joints","_bindposes"],0,12]],[[0,0,1,2,3,4]],[[0,"Skin-6",1317290318,["mixamorig:Hips/mixamorig:Spine/mixamorig:Spine1/mixamorig:Spine2/mixamorig:LeftShoulder/mixamorig:LeftArm/mixamorig:LeftForeArm/mixamorig:LeftHand/mixamorig:LeftHandIndex1","mixamorig:Hips/mixamorig:Spine/mixamorig:Spine1/mixamorig:Spine2/mixamorig:LeftShoulder/mixamorig:LeftArm/mixamorig:LeftForeArm/mixamorig:LeftHand/mixamorig:LeftHandIndex1/mixamorig:LeftHandIndex2","mixamorig:Hips/mixamorig:Spine/mixamorig:Spine1/mixamorig:Spine2/mixamorig:LeftShoulder/mixamorig:LeftArm/mixamorig:LeftForeArm/mixamorig:LeftHand/mixamorig:LeftHandMiddle1","mixamorig:Hips/mixamorig:Spine/mixamorig:Spine1/mixamorig:Spine2/mixamorig:LeftShoulder/mixamorig:LeftArm/mixamorig:LeftForeArm/mixamorig:LeftHand/mixamorig:LeftHandRing1","mixamorig:Hips/mixamorig:Spine/mixamorig:Spine1/mixamorig:Spine2/mixamorig:LeftShoulder/mixamorig:LeftArm/mixamorig:LeftForeArm/mixamorig:LeftHand/mixamorig:LeftHandRing1/mixamorig:LeftHandRing2","mixamorig:Hips/mixamorig:Spine/mixamorig:Spine1/mixamorig:Spine2/mixamorig:LeftShoulder/mixamorig:LeftArm/mixamorig:LeftForeArm/mixamorig:LeftHand/mixamorig:LeftHandPinky1","mixamorig:Hips/mixamorig:Spine/mixamorig:Spine1/mixamorig:Spine2/mixamorig:LeftShoulder/mixamorig:LeftArm/mixamorig:LeftForeArm","mixamorig:Hips/mixamorig:Spine/mixamorig:Spine1/mixamorig:Spine2/mixamorig:LeftShoulder/mixamorig:LeftArm/mixamorig:LeftForeArm/mixamorig:LeftHand","mixamorig:Hips/mixamorig:Spine/mixamorig:Spine1/mixamorig:Spine2/mixamorig:LeftShoulder/mixamorig:LeftArm/mixamorig:LeftForeArm/mixamorig:LeftHand/mixamorig:LeftHandThumb1","mixamorig:Hips/mixamorig:Spine/mixamorig:Spine1/mixamorig:Spine2/mixamorig:LeftShoulder/mixamorig:LeftArm/mixamorig:LeftForeArm/mixamorig:LeftHand/mixamorig:LeftHandMiddle1/mixamorig:LeftHandMiddle2","mixamorig:Hips/mixamorig:Spine/mixamorig:Spine1/mixamorig:Spine2/mixamorig:LeftShoulder/mixamorig:LeftArm/mixamorig:LeftForeArm/mixamorig:LeftHand/mixamorig:LeftHandPinky1/mixamorig:LeftHandPinky2","mixamorig:Hips/mixamorig:Spine/mixamorig:Spine1/mixamorig:Spine2/mixamorig:LeftShoulder/mixamorig:LeftArm","mixamorig:Hips/mixamorig:Spine/mixamorig:Spine1/mixamorig:Spine2/mixamorig:LeftShoulder/mixamorig:LeftArm/mixamorig:LeftForeArm/mixamorig:LeftHand/mixamorig:LeftHandThumb1/mixamorig:LeftHandThumb2","mixamorig:Hips/mixamorig:Spine/mixamorig:Spine1/mixamorig:Spine2/mixamorig:LeftShoulder/mixamorig:LeftArm/mixamorig:LeftForeArm/mixamorig:LeftHand/mixamorig:LeftHandThumb1/mixamorig:LeftHandThumb2/mixamorig:LeftHandThumb3","mixamorig:Hips/mixamorig:Spine/mixamorig:Spine1/mixamorig:Spine2/mixamorig:LeftShoulder/mixamorig:LeftArm/mixamorig:LeftForeArm/mixamorig:LeftHand/mixamorig:LeftHandIndex1/mixamorig:LeftHandIndex2/mixamorig:LeftHandIndex3","mixamorig:Hips/mixamorig:Spine/mixamorig:Spine1/mixamorig:Spine2/mixamorig:LeftShoulder/mixamorig:LeftArm/mixamorig:LeftForeArm/mixamorig:LeftHand/mixamorig:LeftHandMiddle1/mixamorig:LeftHandMiddle2/mixamorig:LeftHandMiddle3","mixamorig:Hips/mixamorig:Spine/mixamorig:Spine1/mixamorig:Spine2/mixamorig:LeftShoulder/mixamorig:LeftArm/mixamorig:LeftForeArm/mixamorig:LeftHand/mixamorig:LeftHandRing1/mixamorig:LeftHandRing2/mixamorig:LeftHandRing3","mixamorig:Hips/mixamorig:Spine/mixamorig:Spine1/mixamorig:Spine2/mixamorig:LeftShoulder/mixamorig:LeftArm/mixamorig:LeftForeArm/mixamorig:LeftHand/mixamorig:LeftHandPinky1/mixamorig:LeftHandPinky2/mixamorig:LeftHandPinky3","mixamorig:Hips/mixamorig:Spine/mixamorig:Spine1/mixamorig:Spine2/mixamorig:RightShoulder/mixamorig:RightArm/mixamorig:RightForeArm/mixamorig:RightHand","mixamorig:Hips/mixamorig:Spine/mixamorig:Spine1/mixamorig:Spine2/mixamorig:RightShoulder/mixamorig:RightArm/mixamorig:RightForeArm/mixamorig:RightHand/mixamorig:RightHandThumb1/mixamorig:RightHandThumb2","mixamorig:Hips/mixamorig:Spine/mixamorig:Spine1/mixamorig:Spine2/mixamorig:RightShoulder/mixamorig:RightArm/mixamorig:RightForeArm/mixamorig:RightHand/mixamorig:RightHandIndex1","mixamorig:Hips/mixamorig:Spine/mixamorig:Spine1/mixamorig:Spine2/mixamorig:RightShoulder/mixamorig:RightArm/mixamorig:RightForeArm/mixamorig:RightHand/mixamorig:RightHandIndex1/mixamorig:RightHandIndex2","mixamorig:Hips/mixamorig:Spine/mixamorig:Spine1/mixamorig:Spine2/mixamorig:RightShoulder/mixamorig:RightArm/mixamorig:RightForeArm","mixamorig:Hips/mixamorig:Spine/mixamorig:Spine1/mixamorig:Spine2/mixamorig:RightShoulder/mixamorig:RightArm/mixamorig:RightForeArm/mixamorig:RightHand/mixamorig:RightHandMiddle1","mixamorig:Hips/mixamorig:Spine/mixamorig:Spine1/mixamorig:Spine2/mixamorig:RightShoulder/mixamorig:RightArm/mixamorig:RightForeArm/mixamorig:RightHand/mixamorig:RightHandMiddle1/mixamorig:RightHandMiddle2","mixamorig:Hips/mixamorig:Spine/mixamorig:Spine1/mixamorig:Spine2/mixamorig:RightShoulder/mixamorig:RightArm/mixamorig:RightForeArm/mixamorig:RightHand/mixamorig:RightHandRing1","mixamorig:Hips/mixamorig:Spine/mixamorig:Spine1/mixamorig:Spine2/mixamorig:RightShoulder/mixamorig:RightArm/mixamorig:RightForeArm/mixamorig:RightHand/mixamorig:RightHandRing1/mixamorig:RightHandRing2","mixamorig:Hips/mixamorig:Spine/mixamorig:Spine1/mixamorig:Spine2/mixamorig:RightShoulder/mixamorig:RightArm/mixamorig:RightForeArm/mixamorig:RightHand/mixamorig:RightHandPinky1","mixamorig:Hips/mixamorig:Spine/mixamorig:Spine1/mixamorig:Spine2/mixamorig:RightShoulder/mixamorig:RightArm/mixamorig:RightForeArm/mixamorig:RightHand/mixamorig:RightHandPinky1/mixamorig:RightHandPinky2","mixamorig:Hips/mixamorig:Spine/mixamorig:Spine1/mixamorig:Spine2/mixamorig:RightShoulder/mixamorig:RightArm","mixamorig:Hips/mixamorig:Spine/mixamorig:Spine1/mixamorig:Spine2/mixamorig:RightShoulder/mixamorig:RightArm/mixamorig:RightForeArm/mixamorig:RightHand/mixamorig:RightHandThumb1","mixamorig:Hips/mixamorig:Spine/mixamorig:Spine1/mixamorig:Spine2/mixamorig:RightShoulder/mixamorig:RightArm/mixamorig:RightForeArm/mixamorig:RightHand/mixamorig:RightHandThumb1/mixamorig:RightHandThumb2/mixamorig:RightHandThumb3","mixamorig:Hips/mixamorig:Spine/mixamorig:Spine1/mixamorig:Spine2/mixamorig:RightShoulder/mixamorig:RightArm/mixamorig:RightForeArm/mixamorig:RightHand/mixamorig:RightHandIndex1/mixamorig:RightHandIndex2/mixamorig:RightHandIndex3","mixamorig:Hips/mixamorig:Spine/mixamorig:Spine1/mixamorig:Spine2/mixamorig:RightShoulder/mixamorig:RightArm/mixamorig:RightForeArm/mixamorig:RightHand/mixamorig:RightHandMiddle1/mixamorig:RightHandMiddle2/mixamorig:RightHandMiddle3","mixamorig:Hips/mixamorig:Spine/mixamorig:Spine1/mixamorig:Spine2/mixamorig:RightShoulder/mixamorig:RightArm/mixamorig:RightForeArm/mixamorig:RightHand/mixamorig:RightHandRing1/mixamorig:RightHandRing2/mixamorig:RightHandRing3","mixamorig:Hips/mixamorig:Spine/mixamorig:Spine1/mixamorig:Spine2/mixamorig:RightShoulder/mixamorig:RightArm/mixamorig:RightForeArm/mixamorig:RightHand/mixamorig:RightHandPinky1/mixamorig:RightHandPinky2/mixamorig:RightHandPinky3"],[[[7,0.5388911962509155,0.8385213613510132,-0.08048718422651291,0,-0.01832062378525734,-0.0838586837053299,-0.996309220790863,0,-0.8421761393547058,0.5383768081665039,-0.029828468337655067,0,0.044260937720537186,-0.6599668264389038,0.7053802609443665,1],[7,0.5388911962509155,0.8078728318214417,-0.23861649632453918,0,-0.01832062378525734,-0.2719590663909912,-0.9621344208717346,0,-0.8421761393547058,0.5228573679924011,-0.13175560534000397,0,0.04420711100101471,-0.5551900267601013,0.8261557817459106,1],[7,0.5634857416152954,0.8224009275436401,-0.07836191356182098,0,-0.021856626495718956,-0.07998069375753403,-0.9965567588806152,0,-0.8258365988731384,0.5632582306861877,-0.02709306962788105,0,-0.025164302438497543,-0.6470069885253906,0.7076829075813293,1],[7,0.49693411588668823,0.8619476556777954,-0.1005125343799591,0,-0.012404256500303745,-0.108758844435215,-0.9939907789230347,0,-0.8676996231079102,0.4951947033405304,-0.04335416108369827,0,-0.014577126130461693,-0.6386668086051941,0.7234224081039429,1],[7,0.49693411588668823,0.7997438907623291,-0.3368473947048187,0,-0.012404256500303745,-0.3815818130970001,-0.9242518544197083,0,-0.8676996231079102,0.46347060799598694,-0.1797007918357849,0,-0.015296070836484432,-0.45718973875045776,0.8860265016555786,1],[7,0.6114767789840698,0.7168132066726685,-0.3350744843482971,0,-0.028915084898471832,-0.4029426574707031,-0.9147683382034302,0,-0.7907338738441467,0.5690483450889587,-0.22566337883472443,0,-0.15370847284793854,-0.36825236678123474,0.8823113441467285,1],[7,0.580945611000061,0.8104057312011719,-0.07579369843006134,0,0.00573352724313736,-0.09719142317771912,-0.9952492117881775,0,-0.8139221668243408,0.577751100063324,-0.06110941618680954,0,-0.04436127841472626,-0.15704190731048584,0.7178657650947571,1],[7,0.23852814733982086,0.9648610353469849,-0.11021590232849121,0,0.021372266113758087,-0.11867978423833847,-0.9927025437355042,0,-0.9709003567695618,0.2344319373369217,-0.04892973601818085,0,0.17812739312648773,-0.5094079375267029,0.7304139733314514,1],[7,0.9938618540763855,-0.001088023534975946,-0.11062280088663101,0,-0.10960458964109421,-0.14539384841918945,-0.9832839965820312,0,-0.015014038421213627,0.9893732666969299,-0.14462065696716309,0,-0.4368990957736969,-0.27631875872612,0.7558019161224365,1],[7,0.5634857416152954,0.7763639688491821,-0.2823878228664398,0,-0.021856626495718956,-0.3276921212673187,-0.9445317387580872,0,-0.8258365988731384,0.5384021997451782,-0.16768114268779755,0,-0.024429067969322205,-0.5053146481513977,0.8622207641601562,1],[7,0.6114767789840698,0.7621954083442688,-0.21249540150165558,0,-0.028915084898471832,-0.2468486726284027,-0.9686225652694702,0,-0.7907338738441467,0.598434567451477,-0.12890329957008362,0,-0.1532488614320755,-0.5531585812568665,0.802191436290741,1],[7,0.5450035333633423,0.8360811471939087,-0.06276511400938034,0,0.009268704801797867,-0.08086337149143219,-0.9966821074485779,0,-0.8383824825286865,0.5426135063171387,-0.051820214837789536,0,-0.03696863353252411,0.2957589328289032,0.7152503132820129,1],[7,0.9938618540763855,-0.023513203486800194,-0.10810049623250961,0,-0.10960458964109421,-0.34189900755882263,-0.9333230257034302,0,-0.015014038421213627,0.93944251537323,-0.34237754344940186,0,-0.42728450894355774,-0.15508119761943817,0.8039986491203308,1],[7,0.9938618540763855,-0.007880287244915962,-0.11034712940454483,0,-0.10960458964109421,-0.20551146566867828,-0.9724977612495422,0,-0.015014038421213627,0.9786229729652405,-0.2051137238740921,0,-0.42705345153808594,-0.3149583637714386,0.7669649720191956,1],[7,0.5388911962509155,0.8333502411842346,0.1229783222079277,0,-0.01832062378525734,0.15755003690719604,-0.987341046333313,0,-0.8421761393547058,0.5298163294792175,0.1001698225736618,0,0.04557649791240692,-0.887780487537384,0.4993027448654175,1],[7,0.5634857416152954,0.8257275223731995,0.025650275871157646,0,-0.021856626495718956,0.04593883454799652,-0.9987050890922546,0,-0.8258365988731384,0.5621954202651978,0.04393349587917328,0,-0.024359384551644325,-0.8393349647521973,0.5932661890983582,1],[7,0.49693411588668823,0.8135983943939209,-0.30185115337371826,0,-0.012404256500303745,-0.3411444425582886,-0.9399290680885315,0,-0.8676996231079102,0.47082704305648804,-0.1594342291355133,0,-0.01492463517934084,-0.5448145270347595,0.8632135987281799,1],[7,0.6114767789840698,0.7889925837516785,0.05989016592502594,0,-0.028915084898471832,0.09791992604732513,-0.9947741627693176,0,-0.7907338738441467,0.6065495610237122,0.0826895534992218,0,-0.1535893678665161,-0.830475926399231,0.5522967576980591,1],[7,-0.7558749318122864,-0.6495452523231506,0.08212220668792725,0,-0.021909449249505997,-0.10026667267084122,-0.9947193264961243,0,0.6543493866920471,-0.7536826729774475,0.06155788153409958,0,-0.49679115414619446,-1.7647287845611572,0.8531535267829895,1],[7,0.3666374683380127,-0.8583711385726929,0.35885366797447205,0,0.08758846670389175,-0.3521542549133301,-0.9318345785140991,0,0.9262317419052124,0.3730769157409668,-0.05392953380942345,0,1.4986255168914795,-0.8279485106468201,1.1449230909347534,1],[7,-0.5315772891044617,-0.8411591649055481,0.09938215464353561,0,0.008528217673301697,-0.12264227867126465,-0.9924142956733704,0,0.8469668626785278,-0.5266973376274109,0.07236743718385696,0,0.00003707443829625845,-1.9072037935256958,0.887972891330719,1],[7,-0.5315772891044617,-0.8112682700157166,0.2434530109167099,0,0.008528217673301697,-0.29253828525543213,-0.9562157988548279,0,0.8469668626785278,-0.5062263607978821,0.16242538392543793,0,0.0006684080581180751,-1.7674669027328491,1.2121388912200928,1],[7,-0.5245905518531799,-0.8487040996551514,0.0671273022890091,0,0.0300303902477026,-0.09724518656730652,-0.9948073029518127,0,0.8508248329162598,-0.5198506712913513,0.07650082558393478,0,0.04482565075159073,-1.4392777681350708,0.8451440930366516,1],[7,-0.5151690244674683,-0.8440712690353394,0.1488105058670044,0,0.01050525065511465,-0.1798286736011505,-0.9836418628692627,0,0.8570241928100586,-0.5051785111427307,0.10150934755802155,0,0.08471891283988953,-1.8488695621490479,1.0056164264678955,1],[7,-0.5151690244674683,-0.8133031129837036,0.2704419791698456,0,0.01050525065511465,-0.3215036988258362,-0.946850061416626,0,0.8570241928100586,-0.48494675755500793,0.17417271435260773,0,0.083968386054039,-1.7372753620147705,1.2728784084320068,1],[7,-0.5400553941726685,-0.7995743751525879,0.2627183794975281,0,0.00749591551721096,-0.3167116940021515,-0.9484922289848328,0,0.8415960669517517,-0.510269045829773,0.177035391330719,0,0.07263266295194626,-1.680997371673584,1.26213800907135,1],[7,-0.5400553941726685,-0.7800060510635376,0.3161182999610901,0,0.00749591551721096,-0.3800455629825592,-0.92493736743927,0,0.8415960669517517,-0.4971478283405304,0.2110925167798996,0,0.07255250215530396,-1.6428221464157104,1.376229166984558,1],[7,-0.5290327072143555,-0.8089481592178345,0.25637340545654297,0,0.00883660651743412,-0.3073479235172272,-0.9515562057495117,0,0.8485554456710815,-0.5011388659477234,0.16974546015262604,0,0.1459842473268509,-1.6876771450042725,1.230556845664978,1],[7,-0.5290327072143555,-0.7996670603752136,0.28400176763534546,0,0.00883660651743412,-0.3398434519767761,-0.9404404759407043,0,0.8485554456710815,-0.49501416087150574,0.18685464560985565,0,0.14580392837524414,-1.6939592361450195,1.2894885540008545,1],[7,-0.5545544028282166,-0.830503523349762,0.05228063836693764,0,0.02716463804244995,-0.08085981011390686,-0.9963552355766296,0,0.8317039608955383,-0.5511130094528198,0.06740149110555649,0,-0.0070386664010584354,-0.988398551940918,0.8198545575141907,1],[7,0.3666374683380127,-0.9060114026069641,0.2114717960357666,0,0.08758846670389175,-0.19267719984054565,-0.9773452877998352,0,0.9262317419052124,0.376853883266449,0.008713463321328163,0,1.5015608072280884,-0.9664074182510376,0.9916948676109314,1],[7,0.3666374683380127,-0.8020023703575134,0.4715602993965149,0,0.08758846670389175,-0.47485002875328064,-0.8756972551345825,0,0.9262317419052124,0.3623666763305664,-0.10385166108608246,0,1.4856700897216797,-0.7068494558334351,1.2519294023513794,1],[7,-0.5315772891044617,-0.7684530019760132,0.3562380075454712,0,0.008528217673301697,-0.42541763186454773,-0.9049569368362427,0,0.8469668626785278,-0.4780164957046509,0.23269589245319366,0,0.00004666039967560209,-1.6187680959701538,1.456889271736145,1],[7,-0.5151690244674683,-0.8558558225631714,-0.045952457934617996,0,0.01050525065511465,0.04730527475476265,-0.9988252520561218,0,0.8570241928100586,-0.5150465965270996,-0.015379233285784721,0,0.08424082398414612,-2.1278982162475586,0.5309924483299255,1],[7,-0.5400553941726685,-0.8415480852127075,0.01170396525412798,0,0.00749591551721096,-0.0187152661383152,-0.9997967481613159,0,0.8415960669517517,-0.5398579239845276,0.01641545444726944,0,0.07220425456762314,-2.0802650451660156,0.6671881079673767,1],[7,-0.5290327072143555,-0.8369859457015991,0.13992469012737274,0,0.00883660651743412,-0.17031311988830566,-0.9853503704071045,0,0.8485554456710815,-0.5200461149215698,0.09749732166528702,0,0.14530931413173676,-1.933618426322937,0.9665328860282898,1]],8,8,8,8,8,8,8,8,8,8,8,8,8,8,8,8,8,8,8,8,8,8,8,8,8,8,8,8,8,8,8,8,8,8,8,8]]],0,0,[],[],[]]
