[1,0,0,[["cc.Skeleton",["_name","_hash","_joints","_bindposes"],0,12]],[[0,0,1,2,3,4]],[[0,"Skin-8",1891711644,["mixamorig:Hips","mixamorig:Hips/mixamorig:LeftUpLeg","mixamorig:Hips/mixamorig:RightUpLeg","mixamorig:Hips/mixamorig:Spine","mixamorig:Hips/mixamorig:LeftUpLeg/mixamorig:LeftLeg","mixamorig:Hips/mixamorig:LeftUpLeg/mixamorig:LeftLeg/mixamorig:LeftFoot/mixamorig:LeftToeBase","mixamorig:Hips/mixamorig:Spine/mixamorig:Spine1/mixamorig:Spine2","mixamorig:Hips/mixamorig:LeftUpLeg/mixamorig:LeftLeg/mixamorig:LeftFoot","mixamorig:Hips/mixamorig:RightUpLeg/mixamorig:RightLeg","mixamorig:Hips/mixamorig:RightUpLeg/mixamorig:RightLeg/mixamorig:RightFoot/mixamorig:RightToeBase","mixamorig:Hips/mixamorig:RightUpLeg/mixamorig:RightLeg/mixamorig:RightFoot"],[[[7,0.8383988738059998,0,-0.5450571775436401,0,0,1,0,0,0.5450571775436401,0,0.8383988738059998,0,-4.3408135675957545e-17,-0.27945980429649353,-0.0142136849462986,1],[7,-0.8383988738059998,0.0010980633087456226,-0.5450561046600342,0,1.2246468525851679e-16,-0.9999979734420776,-0.0020145836751908064,0,-0.5450571775436401,-0.0016890247352421284,0.8383971452713013,0,0.254968523979187,0.17470502853393555,-0.012482517398893833,1],[7,-0.8383988738059998,0.0011421134695410728,-0.5450559854507446,0,1.2246468525851679e-16,-0.9999977946281433,-0.0020954012870788574,0,-0.5450571775436401,-0.0017567819450050592,0.8383970260620117,0,-0.254968523979187,0.17470578849315643,-0.012355473823845387,1],[7,0.8383988738059998,-0.003153820289298892,-0.5450480580329895,0,0,0.9999832510948181,-0.005786219146102667,0,0.5450571775436401,0.004851159639656544,0.8383848071098328,0,-4.3408135675957545e-17,-0.4681450128555298,-0.01259643118828535,1],[7,-0.8357613682746887,-0.08412492275238037,-0.5426102876663208,0,0.0805743858218193,-0.9962862133979797,0.030356120318174362,0,-0.5431488752365112,-0.018350018188357353,0.839435875415802,0,0.2775910496711731,-0.26982685923576355,-0.0037217726930975914,1],[7,-0.8669573664665222,-0.4892239272594452,0.09510447829961777,0,0.10904122143983841,0.000006750336524419254,0.9940372109413147,0,-0.48630744218826294,0.8721582293510437,0.053339723497629166,0,0.2892170548439026,-0.1627228558063507,0.5670437216758728,1],[7,0.8383988738059998,-0.0031538293696939945,-0.5450480580329895,0,0,0.9999832510948181,-0.00578623590990901,0,0.5450571775436401,0.004851173609495163,0.8383848071098328,0,-4.3408135675957545e-17,-0.9396640658378601,-0.012596420012414455,1],[7,-0.8580305576324463,-0.43845248222351074,-0.2674751579761505,0,0.0817897692322731,-0.6307882070541382,0.7716324925422668,0,-0.5070443749427795,0.6402075290679932,0.5770964622497559,0,0.2771832048892975,-0.3184063732624054,0.3450084924697876,1],[7,-0.8355806469917297,0.04125251993536949,-0.5478167533874512,0,-0.0805775597691536,-0.9955951571464539,0.047932520508766174,0,-0.5434263944625854,0.08419322222471237,0.8352240920066833,0,-0.27759188413619995,-0.2698425054550171,0.001189038041047752,1],[7,-0.795543909072876,-0.5998499989509583,-0.08538048714399338,0,-0.10671576857566833,0.000006922104603290791,0.9942895770072937,0,-0.5964240431785583,0.8001124858856201,-0.06401895731687546,0,-0.2878604829311371,-0.15963537991046906,0.5677218437194824,1],[7,-0.8097375631332397,-0.3973757326602936,-0.4317610561847687,0,-0.08267895132303238,-0.6511954069137573,0.7543929815292358,0,-0.5809382796287537,0.6465578675270081,0.49444276094436646,0,-0.27735745906829834,-0.33050820231437683,0.33348721265792847,1]],8,8,8,8,8,8,8,8,8,8,8]]],0,0,[],[],[]]
