[1,["1brw/JvvpFnIvdrxpFCgMZ","20g1ukYUVPvKWKBRznAKo+@f9941","54TknWPwVPqJqeCR+Y/Czo@f9941","95EkngnxZFbYuFpsqVTaFr@f9941","f9LhcRHZVALa6yBngQafmL@f9941","6cyPBF9XNEZZSip4MGF0B4@f9941","caULpZ2nlCzrWblpm65OS2@f9941","7cIXAgo61BOaIrRoxkR/mj","b9psnbyJ9JQ44b3QmIyhOi","36usZAfflOXZ2XyoWf/KTd@f9941","7eqBfMlwNEkLho034OJMch@f9941","a3zQCfCrBCDZJ4uf2rk5u8","12Y9dMgWdJKJGmTiZyQR9H@17020","54fSRHHeFOFZm+nfhs4agy","12Y9dMgWdJKJGmTiZyQR9H@2e76e","46dHre1+lLHJxr+ZGo7xlQ@301f0","46dHre1+lLHJxr+ZGo7xlQ@c36c2","46dHre1+lLHJxr+ZGo7xlQ@f0c2f","46dHre1+lLHJxr+ZGo7xlQ@d66b1","dey+Fg4vdI75jRSkGQiO8J@301f0","dey+Fg4vdI75jRSkGQiO8J@c36c2","dey+Fg4vdI75jRSkGQiO8J@f0c2f","dey+Fg4vdI75jRSkGQiO8J@61ef9","0881xFXzBPA4YEIrxoFcHI","3cYwLuucFBAZrV1tsxxa2K@b47c0","20ilsxSetJGK40IXjSl/Gr","33H27feIBGW5zIVjNQvbut@f9941","bdI4qo3b1JzqsIhb2rdfiN@f9941","b15ifBfhVPpq24dDmMXiYf@f9941","d1AA5dj8xFQqoRRDQ9urh5@f9941","53FimAuNpKy4lOtv2JBciB","7fZ+099gRGY5+yquNJrm/C@f9941","feiRiB+gxCwLyemEtwjzXT@f9941","ea0NWX5eBDIKhc/ztwOxQd@f9941","f8Evuqr/VDFKALMfida76u","d3x4IMKphEKYvHuEU7yaxB","95BmpQiw1BrIBAe9ZLI2Z+@f9941","ec5SodChlHw7jAFbdMMTtE@301f0","ec5SodChlHw7jAFbdMMTtE@c36c2","ec5SodChlHw7jAFbdMMTtE@f0c2f","ec5SodChlHw7jAFbdMMTtE@f0865","f86YybaqBMCaQMfXTkYDh3@301f0","f86YybaqBMCaQMfXTkYDh3@c36c2","f86YybaqBMCaQMfXTkYDh3@f0c2f","f86YybaqBMCaQMfXTkYDh3@99240","46dHre1+lLHJxr+ZGo7xlQ@d2fdf","46dHre1+lLHJxr+ZGo7xlQ@1b488","46dHre1+lLHJxr+ZGo7xlQ@30732","46dHre1+lLHJxr+ZGo7xlQ@7d129","46dHre1+lLHJxr+ZGo7xlQ@64a88","46dHre1+lLHJxr+ZGo7xlQ@f1394","46dHre1+lLHJxr+ZGo7xlQ@76fac","46dHre1+lLHJxr+ZGo7xlQ@75ee4","46dHre1+lLHJxr+ZGo7xlQ@594ff","46dHre1+lLHJxr+ZGo7xlQ@a72ab","46dHre1+lLHJxr+ZGo7xlQ@d6281","46dHre1+lLHJxr+ZGo7xlQ@2224c","46dHre1+lLHJxr+ZGo7xlQ@0db21","46dHre1+lLHJxr+ZGo7xlQ@7e291","46dHre1+lLHJxr+ZGo7xlQ@62756","46dHre1+lLHJxr+ZGo7xlQ@fd769","46dHre1+lLHJxr+ZGo7xlQ@7d08b","46dHre1+lLHJxr+ZGo7xlQ@5502a","46dHre1+lLHJxr+ZGo7xlQ@ea73c","46dHre1+lLHJxr+ZGo7xlQ@b5902","46dHre1+lLHJxr+ZGo7xlQ@b748e","46dHre1+lLHJxr+ZGo7xlQ@8857d","46dHre1+lLHJxr+ZGo7xlQ@2d5df","46dHre1+lLHJxr+ZGo7xlQ@304e1","46dHre1+lLHJxr+ZGo7xlQ@575e0","46dHre1+lLHJxr+ZGo7xlQ@8feb8","6b6puTAqtLlIoWUdyTDWMa@6c48a","93ZMJfbUhDRY2lmP4+K9wl@6c48a","bazdnEnH1CFrsfjZk4tRx1@6c48a","dey+Fg4vdI75jRSkGQiO8J@d2fdf","dey+Fg4vdI75jRSkGQiO8J@1b488","dey+Fg4vdI75jRSkGQiO8J@30732","dey+Fg4vdI75jRSkGQiO8J@7d129","dey+Fg4vdI75jRSkGQiO8J@64a88","dey+Fg4vdI75jRSkGQiO8J@f1394","dey+Fg4vdI75jRSkGQiO8J@76fac","dey+Fg4vdI75jRSkGQiO8J@75ee4","dey+Fg4vdI75jRSkGQiO8J@594ff","dey+Fg4vdI75jRSkGQiO8J@a72ab","dey+Fg4vdI75jRSkGQiO8J@d6281","dey+Fg4vdI75jRSkGQiO8J@2224c","dey+Fg4vdI75jRSkGQiO8J@0db21","dey+Fg4vdI75jRSkGQiO8J@7e291","dey+Fg4vdI75jRSkGQiO8J@62756","dey+Fg4vdI75jRSkGQiO8J@fd769","dey+Fg4vdI75jRSkGQiO8J@7d08b","dey+Fg4vdI75jRSkGQiO8J@5502a","dey+Fg4vdI75jRSkGQiO8J@ea73c","dey+Fg4vdI75jRSkGQiO8J@b5902","dey+Fg4vdI75jRSkGQiO8J@b748e","dey+Fg4vdI75jRSkGQiO8J@8857d","dey+Fg4vdI75jRSkGQiO8J@2d5df","dey+Fg4vdI75jRSkGQiO8J@304e1","dey+Fg4vdI75jRSkGQiO8J@575e0","dey+Fg4vdI75jRSkGQiO8J@8feb8","46dHre1+lLHJxr+ZGo7xlQ@8cf19","ec5SodChlHw7jAFbdMMTtE@3c231","dey+Fg4vdI75jRSkGQiO8J@5fe6f","f86YybaqBMCaQMfXTkYDh3@e760e","16Mr/R2phJzIAEKKCoeMpI@811f5","0dFBf8VYRMzpr/0N2Akzj9@e6e8f","0891BPdhFHFbIdgs+qhtJv","76ydacSu9NHYTT8vvj04kP","83O6OW0upJp5Y8aQ6tYTd6","991EZ1ym1LzapvxPOuDSmZ","388haIDvhGmqI+7KrDvWM9","c1KV3L0U9IPawerIl7X9zH","19q4CpKclO7LlsJrg/cGi8","b4A5M8WTROuqMYy3x+MFUu","a6YyWJ3ypAka8PQlOWbwMl","bbXtQB4DJPJ4hR+1uX2jm8","42DZ09BmdHWotn0riStUh3","7697s/wGRFxqFoaa9ZfEH8","34R1cZ+idPeKuVxx25P/Zm","0ahbYIEIFA5JtS4Zb6E4ml","2dPOS4Ls9BFIsVSyNpqBpD","46+a1K2xlOsrbqON/RxMn3","4cMCQ/vLRERIKNNAJjNPiM","54pj+svkNDKKUCVbRx8RXd","b23NwnPPVIC7UA9wnsps7Y","39UnH8h2pJtqJ+1kyau9uy","a2dXjclIpLdJpT04hjTLPX","30PXy8iXtCA4y78SJBcjl4","7b90WXhJdLcKMenreRn3Kx@b47c0","b0nCLiGUdIKoRgZ3Nl0KSK@b47c0","06bxLhZ1VAspkK/EnKUCAA","ea69YvpV1LFotjuJQuYKMH","bc0vAHVjtAJoV/n/0QEb6Q","d0cD+dniBF0p5Ku13yStrw","75ALkZxSlOuJ1XMrUKEt0y","762ORhI4BO/oyDI3TNF/WI@f9941","341LJe5dVDnrZRKVv+yp/M@f9941","f2muuuIc5I/YGY8CnW0Wmf@f9941","54zu6v0GNGoJgbtQXvv2vo@f9941","88OZjSYhhCoJNHqJajUV80@f9941","77DJ4zKiRMEJ8yVxMmwerU@f9941","472csvE2JEQLFRMCEm+NrM@f9941","02j7QXhHNK2ZUP9edEJ7+0@f9941","11MxjGv8xNj6Bl1+poYSzT@f9941","e6RjYyfUFPao2iv0QEe09g","61KuO402dA9ofeGtzgekY0@f9941","64h8ce+aFJd7wlMe4ORce1@f9941","12Y9dMgWdJKJGmTiZyQR9H@a804a","51rv3w1AFGqZhqKtDiyQTg","cduy5cx8xHLZmuVhHBL+uh","7eUE/yG79Ap4JP0sI9YPzw","ec5SodChlHw7jAFbdMMTtE@d2fdf","ec5SodChlHw7jAFbdMMTtE@1b488","ec5SodChlHw7jAFbdMMTtE@30732","ec5SodChlHw7jAFbdMMTtE@7d129","ec5SodChlHw7jAFbdMMTtE@64a88","ec5SodChlHw7jAFbdMMTtE@f1394","ec5SodChlHw7jAFbdMMTtE@76fac","ec5SodChlHw7jAFbdMMTtE@75ee4","ec5SodChlHw7jAFbdMMTtE@594ff","ec5SodChlHw7jAFbdMMTtE@a72ab","ec5SodChlHw7jAFbdMMTtE@d6281","ec5SodChlHw7jAFbdMMTtE@2224c","ec5SodChlHw7jAFbdMMTtE@0db21","ec5SodChlHw7jAFbdMMTtE@7e291","ec5SodChlHw7jAFbdMMTtE@62756","ec5SodChlHw7jAFbdMMTtE@fd769","ec5SodChlHw7jAFbdMMTtE@7d08b","ec5SodChlHw7jAFbdMMTtE@5502a","ec5SodChlHw7jAFbdMMTtE@ea73c","ec5SodChlHw7jAFbdMMTtE@b5902","ec5SodChlHw7jAFbdMMTtE@b748e","ec5SodChlHw7jAFbdMMTtE@8857d","ec5SodChlHw7jAFbdMMTtE@2d5df","ec5SodChlHw7jAFbdMMTtE@304e1","ec5SodChlHw7jAFbdMMTtE@575e0","ec5SodChlHw7jAFbdMMTtE@8feb8","f86YybaqBMCaQMfXTkYDh3@d2fdf","f86YybaqBMCaQMfXTkYDh3@1b488","f86YybaqBMCaQMfXTkYDh3@30732","f86YybaqBMCaQMfXTkYDh3@7d129","f86YybaqBMCaQMfXTkYDh3@64a88","f86YybaqBMCaQMfXTkYDh3@f1394","f86YybaqBMCaQMfXTkYDh3@76fac","f86YybaqBMCaQMfXTkYDh3@75ee4","f86YybaqBMCaQMfXTkYDh3@594ff","f86YybaqBMCaQMfXTkYDh3@a72ab","f86YybaqBMCaQMfXTkYDh3@d6281","f86YybaqBMCaQMfXTkYDh3@2224c","f86YybaqBMCaQMfXTkYDh3@0db21","f86YybaqBMCaQMfXTkYDh3@7e291","f86YybaqBMCaQMfXTkYDh3@62756","f86YybaqBMCaQMfXTkYDh3@fd769","f86YybaqBMCaQMfXTkYDh3@7d08b","f86YybaqBMCaQMfXTkYDh3@5502a","f86YybaqBMCaQMfXTkYDh3@ea73c","f86YybaqBMCaQMfXTkYDh3@b5902","f86YybaqBMCaQMfXTkYDh3@b748e","f86YybaqBMCaQMfXTkYDh3@8857d","f86YybaqBMCaQMfXTkYDh3@2d5df","f86YybaqBMCaQMfXTkYDh3@304e1","f86YybaqBMCaQMfXTkYDh3@575e0","f86YybaqBMCaQMfXTkYDh3@8feb8"],["node","_parent","_mesh","_skeleton","_effectAsset","_spriteFrame","root","_target","_normalSprite","_hoverSprite","_pressedSprite","_disabledSprite","_font","_defaultClip","mainTexture","asset","data","target","player","_cameraComponent","source","scene","bg3","bg2","bg1","coins","qa","scoreText","gameManager","score1","camera","barRoot","coinRoot","globalFunc","_envmap","coinPerfab"],[["cc.Node",["_name","_layer","_active","_objFlags","_parent","_components","_lpos","_prefab","_lrot","_euler","_lscale","_children"],-1,1,9,5,4,5,5,5,12],["cc.Widget",["_alignFlags","_bottom","_left","_right","_top","_originalWidth","_originalHeight","_verticalCenter","_horizontalCenter","node","__prefab"],-6,1,4],["cc.Node",["_name","_id","_layer","_children","_lpos","_parent","_components","_prefab","_lrot","_euler","_lscale"],0,2,5,1,12,4,5,5,5],["cc.Node",["_name","_layer","_active","_children","_components","_parent","_lpos","_lscale"],0,2,9,1,5,5],["cc.Sprite",["_sizeMode","_type","node","_spriteFrame","__prefab","_color"],1,1,6,4,5],["cc.Label",["_string","_actualFontSize","_fontSize","_overflow","_lineHeight","_isSystemFontUsed","_horizontalAlign","_verticalAlign","_enableWrapText","_fontFamily","node","__prefab","_color","_font"],-7,1,4,5,6],["cc.Animation",["playOnLoad","node","_clips","_defaultClip","__prefab"],2,1,3,6,4],["cc.Material",["_defines","_states","_techIdx","_name","_props"],-1,12],["cc.UITransform",["node","__prefab","_contentSize"],3,1,4,5],["cc.Button",["_transition","node","__prefab","clickEvents","_target","_normalSprite","_pressedColor","_hoverSprite","_pressedSprite","_disabledSprite","_normalColor"],2,1,4,9,1,6,5,6,6,6,5],["23b0dasAptE0IpLZ+1Q3Cif",["node","__prefab","gameManager","playerControl","questions","question","downCount"],3,1,4,1,1,1,1,1],["cc.PrefabInfo",["fileId","root","asset","targetOverrides"],2,1,1,9],["cc.CompactValueTypeArray",["_unitCount","_unitElement","_length","_byteOffset"],-1],["cc.MeshRenderer",["_shadowCastingMode","_name","node","_materials","lightmapSettings","__prefab","_mesh"],1,1,3,4,4,6],["cc.ClickEvent",["_componentId","handler","target"],1,1],["cc.BlockInputEvents",["node","__prefab"],3,1,4],["cc.DirectionalLight",["_enabled","_illuminance","node","_staticSettings"],1,1,4],["cc.Camera",["_clearFlags","_visibility","_projection","_priority","_orthoHeight","_far","node","_color"],-3,1,5],["cc.Material",["_name","_props","_states","_defines"],-1],["cc.Mesh",["_native","_dataLength","_hash","_struct"],0,11],["cc.Skeleton",["_name","_hash","_joints","_bindposes"],0,12],["cc.Prefab",[],3],["cc.Node",["_name","_parent","_children","_prefab","_lpos","_lrot","_euler"],2,1,9,4,5,5,5],["cc.PrefabInfo",["fileId","root","instance","asset"],2,1,4,6],["cc.SkeletalAnimation",["node","__prefab","_clips","_defaultClip"],3,1,4,3,6],["cc.CompPrefabInfo",["fileId"],2],["cc.SkinnedMeshRenderer",["node","__prefab","_materials","lightmapSettings","_skinningRoot","_mesh","_skeleton"],3,1,4,3,4,1,6,6],["cc.ModelLightmapSettings",[],3],["cc.AnimationClip",["_name","_native","sample","wrapMode","enableTrsBlending","_duration","_hash","_keys","_curves"],-4,9,12],["cc.animation.HierarchyPath",["path"],2],["cc.EffectAsset",["_name","shaders","techniques"],0],["cc.SceneAsset",["_name"],2],["a991bFW+tlML7xu2kAVy9NM",["node","player"],3,1,1],["cc.BoxCollider",["node","_center","_size"],3,1,5,5],["cc.RigidBody",["_mass","node"],2,1],["cc.Canvas",["node","_cameraComponent"],3,1,1],["2d59fv30mRE0K6n/z2sik7/",["node"],3,1],["ee6caxkv7FAP56zE4yBW2sJ",["node"],3,1],["cc.Scene",["_name","_children","_prefab","_globals"],2,2,4,4],["cc.TargetOverrideInfo",["propertyPath","source","target","targetInfo"],2,1,1,4],["cc.TargetInfo",["localID"],2],["cc.SceneGlobals",["ambient","shadows","_skybox","fog"],3,4,4,4,4],["cc.AmbientInfo",["_skyIllum","_skyColor"],2,5],["cc.ShadowsInfo",["_type","_enabled","_pcf","_shadowColor"],0,5],["cc.SkyboxInfo",["_enabled","_envmap"],2,6],["cc.FogInfo",["_fogColor"],3,5],["90f379SeU9BUKf9q00Vd5cE",["fadeTime","jumpTime","runSpeed","node","men","endPanel","effects","QAPanel"],0,1,2,1,2,1],["cc.PrefabInstance",["fileId","propertyOverrides"],2,9],["CCPropertyOverrideInfo",["value","propertyPath","targetInfo"],1,1],["CCPropertyOverrideInfo",["propertyPath","targetInfo","value"],2,1,8],["CCPropertyOverrideInfo",["value","propertyPath","targetInfo"],1,4],["cc.StaticLightSettings",[],3],["d68c6B6DxlBWqkQjBBZCP6f",["barPoolNumber","node","playerControl","barPerfabs","itemPerfabs","player","pausePanel","pause","endPanel","endS","endF","QAPanel","bg","downCount","infoPanel","infoBtn","content","startPanel"],2,1,1,3,3,1,1,1,1,1,1,1,1,1,1,1,1,1],["1d8ebzJ8PdDeJwVqKDVtcVL",["node","skyBoxes","playerControl","barPerfabs","player"],3,1,3,1,3,1],["fde80V9IAxM7raEjemSknPs",["node"],3,1]],[[12,3,0,1,2,5],[11,0,1,2,2],[29,0,2],[25,0,2],[2,0,5,3,7,4,8,9,2],[0,0,4,7,6,2],[22,0,1,2,3,4,5,6,2],[27,1],[19,0,1,2,3,4],[8,0,1,2,1],[20,0,1,2,3,4],[26,0,1,2,3,4,5,6,1],[0,0,4,5,7,6,8,9,2],[7,3,1,0,4,4],[14,0,1,2,3],[49,0,1,2,2],[8,0,2,1],[4,1,2,4,3,2],[2,0,3,7,4,8,9,2],[48,0,1,2,3],[0,0,1,4,5,6,3],[0,0,1,4,5,3],[0,0,2,1,4,5,4],[4,2,4,3,1],[9,0,1,2,3,6,4,5,7,8,9,2],[1,0,9,2],[40,0,2],[13,1,2,5,3,4,6,2],[4,2,3,1],[0,4,7,1],[23,0,1,2,3,2],[15,0,1],[47,0,1,2],[5,0,1,2,4,5,10,11,12,13,6],[0,0,3,1,4,5,4],[18,0,1,2,3,5],[21,1],[0,0,11,5,7,2],[0,0,4,7,6,8,9,2],[0,0,4,5,7,2],[2,0,5,3,7,2],[3,0,1,3,4,6,3],[3,0,2,1,5,3,4,4],[3,0,1,5,3,4,6,3],[24,0,1,2,3,1],[28,0,1,2,3,4,5,6,7,8,8],[12,0,1,2,4],[4,0,2,5,3,2],[10,0,1,1],[7,2,1,0,4,4],[7,1,0,4,3],[0,0,2,4,5,6,10,3],[1,0,2,3,4,1,5,6,9,8],[9,0,1,2,3,6,4,5,2],[36,0,1],[0,0,4,2],[0,0,2,4,5,6,8,10,9,3],[2,0,2,5,6,4,3],[3,0,5,3,4,2],[8,0,1],[8,0,1,1],[1,0,3,1,9,10,4],[1,0,2,3,4,1,5,6,9,10,8],[1,0,4,9,3],[4,0,2,4,5,3,2],[6,1,2,3,1],[6,1,1],[51,1],[7,0,2],[0,0,1,5,6,3],[0,0,2,1,4,5,6,4],[0,0,4,5,6,8,9,2],[0,0,4,5,2],[0,0,4,5,6,8,10,9,2],[0,0,2,4,5,3],[2,0,1,3,6,4,8,9,3],[2,0,1,3,6,10,3],[2,0,2,1,3,6,4,4],[2,0,1,5,3,4,3],[2,0,1,5,3,3],[2,0,2,5,3,6,4,3],[2,0,5,6,4,2],[3,0,2,5,3,4,3],[3,0,1,5,3,4,7,3],[3,0,1,5,3,4,6,7,3],[3,0,1,3,4,3],[11,3,1],[30,0,1,2,4],[31,0,2],[32,0,1,1],[33,0,1,2,1],[34,0,1,2],[13,0,2,3,4,2],[35,0,1,1],[1,0,2,3,5,6,9,10,6],[1,0,2,4,1,9,10,5],[1,0,2,1,7,9,10,5],[1,0,3,4,1,6,9,6],[1,0,3,4,1,9,5],[1,0,2,4,1,9,5],[1,0,2,3,4,5,9,6],[1,0,1,9,3],[1,0,2,3,1,8,9,6],[1,0,2,3,1,7,9,6],[1,0,9,10,2],[1,0,5,6,9,4],[4,1,0,2,4,3,3],[4,0,2,4,3,2],[4,0,2,3,2],[9,0,1,2,3,10,4,5,7,8,9,2],[14,1],[10,0,1],[10,0,2,3,4,5,6,1],[37,0,1],[6,1,4,2,3,1],[6,0,1,2,3,2],[6,1,2,1],[38,0,1,2,3,2],[39,0,1,2,3,2],[41,0,1,2,3,1],[42,0,1,2],[43,0,1,2,3,4],[44,0,1,2],[45,0,1],[15,0,1,1],[46,0,1,2,3,4,5,6,7,4],[50,0,1,2,3],[5,0,6,7,1,2,3,10,11,7],[5,0,1,2,3,8,10,11,12,6],[5,0,6,1,2,4,3,5,10,11,8],[5,0,7,1,2,9,4,3,5,10,11,12,9],[5,0,1,2,4,5,10,11,12,6],[16,2,3,1],[16,0,1,2,3,3],[52,0,1,2,3,4,5,6,7,8,9,10,11,12,13,14,15,16,17,2],[53,0,1,2,3,4,1],[17,0,1,6,3],[17,2,3,4,5,0,1,6,7,7],[54,0,1]],[[[[49,"1",[{"rasterizerState":{},"depthStencilState":{},"blendState":{"targets":[{}]}},{},{}],[{},{},{}],[[[{"roughness":0.55,"metallic":0},"mainColor",8,[4,1140905983]],{},{}],11,0,0]]],0,0,[0],[4],[0]],[[[8,".bin",81448,3337052603,[{"primitives":[{"primitiveMode":7,"vertexBundelIndices":[0],"indexView":{"offset":69160,"length":12288,"count":6144,"stride":2}}],"vertexBundles":[{"view":{"offset":0,"length":69160,"count":1235,"stride":56},"attributes":[{"name":"a_position","format":32,"isNormalized":false},{"name":"a_normal","format":32,"isNormalized":false},{"name":"a_texCoord","format":21,"isNormalized":false},{"name":"a_tangent","format":44,"isNormalized":false},{"name":"a_texCoord1","format":21,"isNormalized":false}]}]},"minPosition",8,[1,-0.5,-0.5,-0.5],"maxPosition",8,[1,0.5,0.5,0.5]]]],0,0,[],[],[]],[[[8,".bin",7976,2714577712,[{"primitives":[{"primitiveMode":7,"vertexBundelIndices":[0],"indexView":{"offset":6776,"length":1200,"count":600,"stride":2}}],"vertexBundles":[{"view":{"offset":0,"length":6776,"count":121,"stride":56},"attributes":[{"name":"a_position","format":32,"isNormalized":false},{"name":"a_normal","format":32,"isNormalized":false},{"name":"a_texCoord","format":21,"isNormalized":false},{"name":"a_tangent","format":44,"isNormalized":false},{"name":"a_texCoord1","format":21,"isNormalized":false}]}]},"minPosition",8,[1,-5,0,-5],"maxPosition",8,[1,5,0,5]]]],0,0,[],[],[]],[[[8,".bin",1416,4094896171,[{"primitives":[{"primitiveMode":7,"vertexBundelIndices":[0],"indexView":{"offset":1344,"length":72,"count":36,"stride":2}}],"vertexBundles":[{"view":{"offset":0,"length":1344,"count":24,"stride":56},"attributes":[{"name":"a_position","format":32,"isNormalized":false},{"name":"a_normal","format":32,"isNormalized":false},{"name":"a_texCoord","format":21,"isNormalized":false},{"name":"a_tangent","format":44,"isNormalized":false},{"name":"a_texCoord1","format":21,"isNormalized":false}]}]},"minPosition",8,[1,-0.5,-0.5,-0.5],"maxPosition",8,[1,0.5,0.5,0.5]]]],0,0,[],[],[]],[[[13,"材质",[{"rasterizerState":{},"blendState":{"targets":[{}]},"depthStencilState":{}}],[{"USE_ALBEDO_MAP":true}],[[[{"metallic":0.4000000059604645,"roughness":0.24253562092781067},"mainTexture",6,0]],11]]],0,0,[0,0],[14,4],[45,0]],[[[8,".bin",211080,2742388236,[{"primitives":[{"primitiveMode":7,"jointMapIndex":0,"vertexBundelIndices":[0],"indexView":{"offset":168264,"length":42816,"count":10704,"stride":4}}],"vertexBundles":[{"view":{"offset":0,"length":168264,"count":2337,"stride":72},"attributes":[{"name":"a_position","format":32,"isNormalized":false},{"name":"a_normal","format":32,"isNormalized":false},{"name":"a_texCoord","format":21,"isNormalized":false},{"name":"a_tangent","format":44,"isNormalized":false},{"name":"a_joints","format":42,"isNormalized":false},{"name":"a_weights","format":44,"isNormalized":false}]}],"jointMaps":[[0,1,2]]},"minPosition",8,[1,-1.1013166904449463,-0.9350774884223938,-0.8501073718070984],"maxPosition",8,[1,0.9388497471809387,0.971975564956665,0.957468569278717]]]],0,0,[],[],[]],[[[10,"Skin-4",255857680,["mixamorig_Hips/mixamorig_Spine/mixamorig_Spine1/mixamorig_Spine2","mixamorig_Hips/mixamorig_Spine/mixamorig_Spine1/mixamorig_Spine2/mixamorig_Neck","mixamorig_Hips/mixamorig_Spine/mixamorig_Spine1/mixamorig_Spine2/mixamorig_Neck/mixamorig_Head","mixamorig_Hips/mixamorig_Spine/mixamorig_Spine1","mixamorig_Hips/mixamorig_Spine/mixamorig_Spine1/mixamorig_Spine2/mixamorig_LeftShoulder","mixamorig_Hips/mixamorig_Spine/mixamorig_Spine1/mixamorig_Spine2/mixamorig_RightShoulder","mixamorig_Hips/mixamorig_Spine/mixamorig_Spine1/mixamorig_Spine2/mixamorig_RightShoulder/mixamorig_RightArm"],[[[7,0.8383988738059998,-0.0031538293696939945,-0.5450480580329895,0,3.157211417005468e-17,0.9999832510948181,-0.00578623590990901,0,0.5450571775436401,0.004851173609495163,0.8383848071098328,0,-7.829864038322385e-17,0.24618686735630035,0.00836842879652977,1],[7,0.8383988738059998,9.072264172086411e-17,-0.5450571775436401,0,-3.828748402011538e-17,1,1.0755285551056204e-16,0,0.5450571775436401,-6.93033225369506e-17,0.8383988738059998,0,-1.113395560059318e-16,-0.03677232936024666,0.008155794814229012,1],[7,0.8383988738059998,-1.732848621487619e-16,-0.5450571775436401,0,2.8111848261155913e-16,1,1.1449174941446927e-16,0,0.5450571775436401,-2.4921541016969953e-16,0.8383988738059998,0,-1.8151782387272668e-16,-0.3079916536808014,0.015700217336416245,1],[7,0.8383988738059998,-0.0031538293696939945,-0.5450480580329895,0,-2.4409697866662146e-17,0.9999832510948181,-0.00578623590990901,0,0.5450571775436401,0.004851173609495163,0.8383848071098328,0,-8.684174189733682e-17,0.4976637065410614,0.00836842879652977,1],[7,0.543130099773407,0.7054815292358398,-0.45530813932418823,0,0.005811529699712992,-0.545405924320221,-0.8381518721580505,0,-0.8396284580230713,0.4525794982910156,-0.30032631754875183,0,-0.008362176828086376,-0.14285984635353088,0.030834270641207695,1],[7,-0.5367934703826904,-0.7054815292358398,0.46276190876960754,0,-0.005758510436862707,-0.545405924320221,-0.8381522297859192,0,0.8436940312385559,-0.4525794982910156,0.28870782256126404,0,0.008374783210456371,-0.14277689158916473,0.030780719593167305,1],[7,-0.5545544028282166,-0.830503523349762,0.05228063836693764,0,0.02716463804244995,-0.08085981011390686,-0.9963552355766296,0,0.8317039608955383,-0.5511130094528198,0.06740149110555649,0,0.007159399334341288,-0.424299955368042,-0.19432367384433746,1]],8,8,8,8,8,8,8]]],0,0,[],[],[]],[[[10,"Skin-8",175566736,["mixamorig_Hips","mixamorig_Hips/mixamorig_LeftUpLeg","mixamorig_Hips/mixamorig_RightUpLeg","mixamorig_Hips/mixamorig_Spine","mixamorig_Hips/mixamorig_LeftUpLeg/mixamorig_LeftLeg","mixamorig_Hips/mixamorig_LeftUpLeg/mixamorig_LeftLeg/mixamorig_LeftFoot/mixamorig_LeftToeBase","mixamorig_Hips/mixamorig_Spine/mixamorig_Spine1/mixamorig_Spine2","mixamorig_Hips/mixamorig_LeftUpLeg/mixamorig_LeftLeg/mixamorig_LeftFoot","mixamorig_Hips/mixamorig_RightUpLeg/mixamorig_RightLeg","mixamorig_Hips/mixamorig_RightUpLeg/mixamorig_RightLeg/mixamorig_RightFoot/mixamorig_RightToeBase","mixamorig_Hips/mixamorig_RightUpLeg/mixamorig_RightLeg/mixamorig_RightFoot"],[[[7,0.8383988738059998,3.5538704611086543e-16,-0.5450571775436401,0,-2.795328634040787e-16,1,2.220446049250313e-16,0,0.5450571775436401,-3.3800558592607236e-17,0.8383988738059998,0,-1.0799484127290627e-16,-0.27945980429649353,-0.0142136849462986,1],[7,-0.8383988738059998,0.0010980633087456226,-0.5450561046600342,0,2.9069329010776254e-16,-0.9999979734420776,-0.0020145836751908064,0,-0.5450571775436401,-0.0016890247352421284,0.8383971452713013,0,0.254968523979187,0.17470502853393555,-0.012482517398893833,1],[7,-0.8383988738059998,0.0011421134695410728,-0.5450559854507446,0,2.909752197303002e-16,-0.9999977946281433,-0.0020954012870788574,0,-0.5450571775436401,-0.0017567819450050592,0.8383970260620117,0,-0.254968523979187,0.17470578849315643,-0.012355473823845387,1],[7,0.8383988738059998,-0.003153820289298892,-0.5450480580329895,0,-2.379461132625139e-16,0.9999832510948181,-0.005786219146102667,0,0.5450571775436401,0.004851159639656544,0.8383848071098328,0,-1.1245011711581691e-17,-0.4681450128555298,-0.01259643118828535,1],[7,-0.8357613682746887,-0.08412492275238037,-0.5426102876663208,0,0.0805743858218193,-0.9962862133979797,0.030356120318174362,0,-0.5431488752365112,-0.018350018188357353,0.839435875415802,0,0.2775910496711731,-0.26982685923576355,-0.0037217726930975914,1],[7,-0.8669573664665222,-0.4892239272594452,0.09510447829961777,0,0.10904122143983841,0.000006750336524419254,0.9940372109413147,0,-0.48630744218826294,0.8721582293510437,0.053339723497629166,0,0.2892170548439026,-0.1627228558063507,0.5670437216758728,1],[7,0.8383988738059998,-0.0031538293696939945,-0.5450480580329895,0,-7.141264633385062e-17,0.9999832510948181,-0.00578623590990901,0,0.5450571775436401,0.004851173609495163,0.8383848071098328,0,-1.4456531009959838e-16,-0.9396640658378601,-0.012596420012414455,1],[7,-0.8580305576324463,-0.43845248222351074,-0.2674751579761505,0,0.0817897692322731,-0.6307882070541382,0.7716324925422668,0,-0.5070443749427795,0.6402075290679932,0.5770964622497559,0,0.2771832048892975,-0.3184063732624054,0.3450084924697876,1],[7,-0.8355806469917297,0.04125251993536949,-0.5478167533874512,0,-0.0805775597691536,-0.9955951571464539,0.047932520508766174,0,-0.5434263944625854,0.08419322222471237,0.8352240920066833,0,-0.27759188413619995,-0.2698425054550171,0.001189038041047752,1],[7,-0.795543909072876,-0.5998499989509583,-0.08538048714399338,0,-0.10671576857566833,0.000006922104603290791,0.9942895770072937,0,-0.5964240431785583,0.8001124858856201,-0.06401895731687546,0,-0.2878604829311371,-0.15963537991046906,0.5677218437194824,1],[7,-0.8097375631332397,-0.3973757326602936,-0.4317610561847687,0,-0.08267895132303238,-0.6511954069137573,0.7543929815292358,0,-0.5809382796287537,0.6465578675270081,0.49444276094436646,0,-0.27735745906829834,-0.33050820231437683,0.33348721265792847,1]],8,8,8,8,8,8,8,8,8,8,8]]],0,0,[],[],[]],[[[13,"材质.1",[{"rasterizerState":{},"blendState":{"targets":[{}]},"depthStencilState":{}}],[{}],[[[{"metallic":0.4000000059604645,"roughness":0.24253562092781067},"albedoScale",8,[1,0.07999999821186066,0.07999999821186066,0.07999999821186066]]],11]]],0,0,[0],[4],[0]],[[[13,"材质.2",[{"rasterizerState":{},"blendState":{"targets":[{}]},"depthStencilState":{}}],[{}],[[[{"metallic":0.4000000059604645,"roughness":0.24253562092781067},"albedoScale",8,[1,1,0.6929131150245667,0.4251999855041504]]],11]]],0,0,[0],[4],[0]],[[[10,"Skin-0",2011416310,["mixamorig_Hips/mixamorig_Spine/mixamorig_Spine1/mixamorig_Spine2/mixamorig_Neck/mixamorig_Head","mixamorig_Hips/mixamorig_Spine/mixamorig_Spine1/mixamorig_Spine2/mixamorig_Neck","mixamorig_Hips/mixamorig_Spine/mixamorig_Spine1/mixamorig_Spine2"],[[[7,0.8383988738059998,-1.8022375605266912e-16,-0.5450571775436401,0,2.916503843986007e-16,1,1.1796119636642288e-16,0,0.5450571775436401,-2.5786467535235e-16,0.8383988738059998,0,2.4889396116621653e-15,0.9353735446929932,-0.1391429603099823,1],[7,0.8383988738059998,8.378374781695688e-17,-0.5450571775436401,0,-2.7755575615628914e-17,1,1.1102230246251565e-16,0,0.5450571775436401,-7.795259433704597e-17,0.8383988738059998,0,2.6025002601093652e-15,1.2065929174423218,-0.1466873735189438,1],[7,0.8383988738059998,-0.0031538293696939945,-0.5450480580329895,0,4.210402257454114e-17,0.9999832510948181,-0.00578623590990901,0,0.5450571775436401,0.004851173609495163,0.8383848071098328,0,2.2705520714869044e-15,1.4886353015899658,-0.15366655588150024,1]],8,8,8]]],0,0,[],[],[]],[[[13,"材质.2",[{"rasterizerState":{},"blendState":{"targets":[{}]},"depthStencilState":{}}],[{}],[[[{"metallic":0.4000000059604645,"roughness":0.24253562092781067},"albedoScale",8,[1,0.25,0.18024350702762604,0.14000000059604645]]],11]]],0,0,[0],[4],[0]],[[[8,".bin",43776,1229441136,[{"primitives":[{"primitiveMode":7,"jointMapIndex":0,"vertexBundelIndices":[0],"indexView":{"offset":35136,"length":8640,"count":2160,"stride":4}}],"vertexBundles":[{"view":{"offset":0,"length":35136,"count":488,"stride":72},"attributes":[{"name":"a_position","format":32,"isNormalized":false},{"name":"a_normal","format":32,"isNormalized":false},{"name":"a_texCoord","format":21,"isNormalized":false},{"name":"a_tangent","format":44,"isNormalized":false},{"name":"a_joints","format":42,"isNormalized":false},{"name":"a_weights","format":44,"isNormalized":false}]}],"jointMaps":[[0,1,2]]},"minPosition",8,[1,-0.04471341520547867,-0.04585253819823265,-0.030132073909044266],"maxPosition",8,[1,0.04483586549758911,0.04574514180421829,0.017417380586266518]]]],0,0,[],[],[]],[[[8,".bin",182856,1279237844,[{"primitives":[{"primitiveMode":7,"jointMapIndex":0,"vertexBundelIndices":[0],"indexView":{"offset":149976,"length":32880,"count":8220,"stride":4}}],"vertexBundles":[{"view":{"offset":0,"length":149976,"count":2083,"stride":72},"attributes":[{"name":"a_position","format":32,"isNormalized":false},{"name":"a_normal","format":32,"isNormalized":false},{"name":"a_texCoord","format":21,"isNormalized":false},{"name":"a_tangent","format":44,"isNormalized":false},{"name":"a_joints","format":42,"isNormalized":false},{"name":"a_weights","format":44,"isNormalized":false}]}],"jointMaps":[[0,1,2,3,4,5,6,7]]},"minPosition",8,[1,-0.256189227104187,-0.25482383370399475,-0.2412576526403427],"maxPosition",8,[1,0.25290781259536743,0.22883011400699615,0.22161182761192322]]]],0,0,[],[],[]],[[[10,"Skin-5",3307087039,["mixamorig_Hips","mixamorig_Hips/mixamorig_LeftUpLeg","mixamorig_Hips/mixamorig_RightUpLeg","mixamorig_Hips/mixamorig_Spine/mixamorig_Spine1/mixamorig_Spine2","mixamorig_Hips/mixamorig_Spine/mixamorig_Spine1/mixamorig_Spine2/mixamorig_Neck","mixamorig_Hips/mixamorig_Spine/mixamorig_Spine1/mixamorig_Spine2/mixamorig_Neck/mixamorig_Head","mixamorig_Hips/mixamorig_Spine/mixamorig_Spine1/mixamorig_Spine2/mixamorig_RightShoulder/mixamorig_RightArm","mixamorig_Hips/mixamorig_Spine/mixamorig_Spine1/mixamorig_Spine2/mixamorig_RightShoulder/mixamorig_RightArm/mixamorig_RightForeArm","mixamorig_Hips/mixamorig_Spine/mixamorig_Spine1/mixamorig_Spine2/mixamorig_RightShoulder/mixamorig_RightArm/mixamorig_RightForeArm/mixamorig_RightHand","mixamorig_Hips/mixamorig_Spine/mixamorig_Spine1/mixamorig_Spine2/mixamorig_RightShoulder/mixamorig_RightArm/mixamorig_RightForeArm/mixamorig_RightHand/mixamorig_RightHandMiddle1","mixamorig_Hips/mixamorig_Spine/mixamorig_Spine1/mixamorig_Spine2/mixamorig_LeftShoulder","mixamorig_Hips/mixamorig_Spine/mixamorig_Spine1/mixamorig_Spine2/mixamorig_LeftShoulder/mixamorig_LeftArm","mixamorig_Hips/mixamorig_Spine/mixamorig_Spine1/mixamorig_Spine2/mixamorig_RightShoulder","mixamorig_Hips/mixamorig_Spine","mixamorig_Hips/mixamorig_Spine/mixamorig_Spine1","mixamorig_Hips/mixamorig_Spine/mixamorig_Spine1/mixamorig_Spine2/mixamorig_RightShoulder/mixamorig_RightArm/mixamorig_RightForeArm/mixamorig_RightHand/mixamorig_RightHandThumb1","mixamorig_Hips/mixamorig_Spine/mixamorig_Spine1/mixamorig_Spine2/mixamorig_LeftShoulder/mixamorig_LeftArm/mixamorig_LeftForeArm/mixamorig_LeftHand/mixamorig_LeftHandRing1","mixamorig_Hips/mixamorig_Spine/mixamorig_Spine1/mixamorig_Spine2/mixamorig_LeftShoulder/mixamorig_LeftArm/mixamorig_LeftForeArm/mixamorig_LeftHand/mixamorig_LeftHandPinky1","mixamorig_Hips/mixamorig_Spine/mixamorig_Spine1/mixamorig_Spine2/mixamorig_LeftShoulder/mixamorig_LeftArm/mixamorig_LeftForeArm","mixamorig_Hips/mixamorig_Spine/mixamorig_Spine1/mixamorig_Spine2/mixamorig_LeftShoulder/mixamorig_LeftArm/mixamorig_LeftForeArm/mixamorig_LeftHand","mixamorig_Hips/mixamorig_Spine/mixamorig_Spine1/mixamorig_Spine2/mixamorig_LeftShoulder/mixamorig_LeftArm/mixamorig_LeftForeArm/mixamorig_LeftHand/mixamorig_LeftHandThumb1","mixamorig_Hips/mixamorig_Spine/mixamorig_Spine1/mixamorig_Spine2/mixamorig_LeftShoulder/mixamorig_LeftArm/mixamorig_LeftForeArm/mixamorig_LeftHand/mixamorig_LeftHandMiddle1","mixamorig_Hips/mixamorig_Spine/mixamorig_Spine1/mixamorig_Spine2/mixamorig_RightShoulder/mixamorig_RightArm/mixamorig_RightForeArm/mixamorig_RightHand/mixamorig_RightHandRing1","mixamorig_Hips/mixamorig_Spine/mixamorig_Spine1/mixamorig_Spine2/mixamorig_RightShoulder/mixamorig_RightArm/mixamorig_RightForeArm/mixamorig_RightHand/mixamorig_RightHandPinky1","mixamorig_Hips/mixamorig_Spine/mixamorig_Spine1/mixamorig_Spine2/mixamorig_RightShoulder/mixamorig_RightArm/mixamorig_RightForeArm/mixamorig_RightHand/mixamorig_RightHandThumb1/mixamorig_RightHandThumb2"],[[[7,1,1.6653345369377348e-16,-7.716050021144838e-15,0,-1.6653345369377348e-16,1,2.220446049250313e-16,0,7.716050021144838e-15,-2.220446049250313e-16,1,0,4.0408889947914594e-16,-0.8951341509819031,0.039266545325517654,1],[7,-1,-1.7781471494133908e-16,-8.01556674758503e-17,0,1.7797583648977461e-16,-0.9999979734420776,-0.0020145836751908064,0,-7.979727989493313e-17,-0.0020145836751908064,0.9999979734420776,0,0.254968523979187,0.7902703881263733,0.04223793372511864,1],[7,-1,-1.7762648833859142e-16,-1.6690601584166736e-16,0,1.7797583648977461e-16,-0.9999977946281433,-0.0020954012870788574,0,-1.6653345369377348e-16,-0.0020954012870788574,0.9999977946281433,0,-0.254968523979187,0.7902666926383972,0.042414724826812744,1],[7,1,1.323515449864446e-17,-1.1110074565436528e-16,0,-1.3877787807814457e-17,0.9999832510948181,-0.00578623590990901,0,1.1102230246251565e-16,0.00578623590990901,0.9999832510948181,0,-8.15299982851051e-17,-1.555018663406372,0.044445350766181946,1],[7,1,8.326672684688674e-17,2.8033131371785203e-15,0,-8.326672684688674e-17,1,5.551115123125783e-17,0,-2.8033131371785203e-15,-5.551115123125783e-17,1,0,-6.433949770780358e-17,-1.8381564617156982,0.03380991518497467,1],[7,1,-2.3613923316734287e-16,-4.163336342344337e-17,0,2.3613923316734287e-16,1,6.245004513516506e-17,0,4.163336342344337e-17,-6.245004513516506e-17,1,0,-6.369059900180186e-16,-2.1093757152557373,0.041354335844516754,1],[7,-0.011611595749855042,-0.9966813325881958,0.08056969940662384,0,0.02716463804244995,-0.08085981011390686,-0.9963552355766296,0,0.9995635151863098,-0.009380627423524857,0.028013398870825768,0,-0.016131624579429626,-0.2788810133934021,1.6012134552001953,1],[7,0.023932073265314102,-0.9949008822441101,0.09797678142786026,0,0.0300303902477026,-0.09724518656730652,-0.9948073029518127,0,0.9992624521255493,0.02675008215010166,0.027549983933568,0,0.010440902784466743,-0.716984748840332,1.6139938831329346,1],[7,-0.2770668566226959,-0.9553781747817993,0.10240373015403748,0,-0.021909449249505997,-0.10026667267084122,-0.9947193264961243,0,0.9606007933616638,-0.2778473496437073,0.006848760414868593,0,-0.29411056637763977,-1.0672374963760376,1.6189512014389038,1],[7,0.035210058093070984,-0.9830195903778076,0.18009096384048462,0,0.01050525065511465,-0.1798286736011505,-0.9836418628692627,0,0.9993247389793396,0.03652598708868027,0.003995088394731283,0,0.05939589813351631,-1.0651187896728516,1.7120957374572754,1],[7,-0.0022858367301523685,0.8381565809249878,-0.5454248785972595,0,0.005811529699712992,-0.545405924320221,-0.8381518721580505,0,-0.9999805092811584,-0.005085631273686886,-0.003624262986704707,0,-0.044484592974185944,0.8394952416419983,1.5405747890472412,1],[7,-0.0000360388403350953,0.9967249035835266,-0.08086717873811722,0,0.009268704801797867,-0.08086337149143219,-0.9966821074485779,0,-0.9999570250511169,-0.0007854532450437546,-0.009235434234142303,0,-0.05083880573511124,-0.27862757444381714,1.6006357669830322,1],[7,0.009814435616135597,-0.8381566405296326,0.5453413128852844,0,-0.005758510436862707,-0.545405924320221,-0.8381522297859192,0,0.9999352693557739,0.0050856382586061954,-0.010179384611546993,0,0.04440053179860115,0.8398391604423523,1.540353775024414,1],[7,1,4.0990266893130344e-17,-1.1126133780720878e-16,0,-4.163336342344337e-17,0.9999832510948181,-0.005786219146102667,0,1.1102230246251565e-16,0.005786219146102667,0.9999832510948181,0,-3.8405224908506176e-17,-1.083499550819397,0.044445332139730453,1],[7,1,6.890597805790462e-17,-8.366683080045619e-17,0,-6.938893903907228e-17,0.9999832510948181,-0.00578623590990901,0,8.326672684688674e-17,0.00578623590990901,0.9999832510948181,0,9.211758752534496e-18,-1.3035417795181274,0.044445350766181946,1],[7,0.8122376799583435,-0.5541920065879822,0.182047039270401,0,0.08758846670389175,-0.19267719984054565,-0.9773452877998352,0,0.5767132639884949,0.8097819089889526,-0.10795886069536209,0,0.908703625202179,-0.4433722198009491,1.6909617185592651,1],[7,-0.05631691589951515,0.9925653338432312,-0.10790009051561356,0,-0.012404256500303745,-0.108758844435215,-0.9939907789230347,0,-0.9983358979225159,-0.05464007332921028,0.01843699812889099,0,0.025934772565960884,-1.1873807907104492,1.6241395473480225,1],[7,0.08166629076004028,0.9111393094062805,-0.40392550826072693,0,-0.028915084898471832,-0.4029426574707031,-0.9147683382034302,0,-0.9962401986122131,0.08638527989387512,-0.006561162881553173,0,-0.1882539689540863,-0.6176773309707642,1.9073057174682617,1],[7,0.04343004524707794,0.9943506717681885,-0.09685347974300385,0,0.00573352724313736,-0.09719142317771912,-0.9952492117881775,0,-0.9990400075912476,0.042668405920267105,-0.009922164492309093,0,-0.08326660841703415,-0.715979814529419,1.6123456954956055,1],[7,-0.329214483499527,0.9367172122001648,-0.11907438933849335,0,0.021372266113758087,-0.11867978423833847,-0.9927025437355042,0,-0.944013237953186,-0.32935696840286255,0.019051335752010345,0,0.36650577187538147,-1.0155425071716309,1.6372551918029785,1],[7,0.8250691294670105,0.5383527874946594,-0.17157255113124847,0,-0.10960458964109421,-0.14539384841918945,-0.9832839965820312,0,-0.5542992949485779,0.8300824761390686,-0.06095403805375099,0,-0.8800908923149109,-0.4964057207107544,1.6880906820297241,1],[7,0.022297605872154236,0.9965079426765442,-0.08046580851078033,0,-0.021856626495718956,-0.07998069375753403,-0.9965567588806152,0,-0.9995124340057373,0.023979540914297104,0.019996924325823784,0,-0.027392109856009483,-1.2218396663665771,1.5928845405578613,1],[7,0.005936166271567345,-0.9484880566596985,0.3167572021484375,0,0.00749591551721096,-0.3167116940021515,-0.9484922289848328,0,0.9999542832374573,0.008004792965948582,0.005229733418673277,0,0.0686851292848587,-0.8052117824554443,1.8512080907821655,1],[7,0.018970832228660583,-0.9513705372810364,0.3074641525745392,0,0.00883660651743412,-0.3073479235172272,-0.9515562057495117,0,0.9997810125350952,0.020768752321600914,0.002576241036877036,0,0.13251899182796478,-0.8177858591079712,1.8281581401824951,1],[7,0.8122376799583435,-0.5163091421127319,0.27146783471107483,0,0.08758846670389175,-0.3521542549133301,-0.9318345785140991,0,0.5767132639884949,0.7806485891342163,-0.24081023037433624,0,0.9057683348655701,-0.1961493045091629,1.7477246522903442,1]],8,8,8,8,8,8,8,8,8,8,8,8,8,8,8,8,8,8,8,8,8,8,8,8,8]]],0,0,[],[],[]],[[[8,".bin",197256,187148986,[{"primitives":[{"primitiveMode":7,"jointMapIndex":0,"vertexBundelIndices":[0],"indexView":{"offset":156168,"length":41088,"count":10272,"stride":4}}],"vertexBundles":[{"view":{"offset":0,"length":156168,"count":2169,"stride":72},"attributes":[{"name":"a_position","format":32,"isNormalized":false},{"name":"a_normal","format":32,"isNormalized":false},{"name":"a_texCoord","format":21,"isNormalized":false},{"name":"a_tangent","format":44,"isNormalized":false},{"name":"a_joints","format":42,"isNormalized":false},{"name":"a_weights","format":44,"isNormalized":false}]}],"jointMaps":[[0,1,2,3,4,5,6]]},"minPosition",8,[1,-0.767346978187561,-1.0435504913330078,-0.8631793856620789],"maxPosition",8,[1,0.8462503552436829,1.1548324823379517,0.7388885021209717]]]],0,0,[],[],[]],[[[10,"Skin-2",2001175848,["mixamorig_Hips/mixamorig_Spine/mixamorig_Spine1/mixamorig_Spine2/mixamorig_Neck/mixamorig_Head"],[[[7,0.8383988738059998,-1.8022375605266912e-16,-0.5450571775436401,0,2.916503843986007e-16,1,1.1796119636642288e-16,0,0.5450571775436401,-2.5786467535235e-16,0.8383988738059998,0,2.3892357869573352e-15,0.6156260371208191,0.0691014975309372,1]],8]]],0,0,[],[],[]],[[[8,".bin",34512,935752839,[{"primitives":[{"primitiveMode":7,"vertexBundelIndices":[0],"indexView":{"offset":26640,"length":7872,"count":1968,"stride":4}}],"vertexBundles":[{"view":{"offset":0,"length":26640,"count":370,"stride":72},"attributes":[{"name":"a_position","format":32,"isNormalized":false},{"name":"a_normal","format":32,"isNormalized":false},{"name":"a_texCoord","format":21,"isNormalized":false},{"name":"a_tangent","format":44,"isNormalized":false},{"name":"a_joints","format":42,"isNormalized":false},{"name":"a_weights","format":44,"isNormalized":false}]}]},"minPosition",8,[1,-0.6117951273918152,-0.3659745454788208,0.3541529178619385],"maxPosition",8,[1,-0.08021504431962967,-0.2629704177379608,0.7220701575279236]]]],0,0,[],[],[]],[[[10,"Skin-6",1317290318,["mixamorig_Hips/mixamorig_Spine/mixamorig_Spine1/mixamorig_Spine2/mixamorig_LeftShoulder/mixamorig_LeftArm/mixamorig_LeftForeArm/mixamorig_LeftHand/mixamorig_LeftHandIndex1","mixamorig_Hips/mixamorig_Spine/mixamorig_Spine1/mixamorig_Spine2/mixamorig_LeftShoulder/mixamorig_LeftArm/mixamorig_LeftForeArm/mixamorig_LeftHand/mixamorig_LeftHandIndex1/mixamorig_LeftHandIndex2","mixamorig_Hips/mixamorig_Spine/mixamorig_Spine1/mixamorig_Spine2/mixamorig_LeftShoulder/mixamorig_LeftArm/mixamorig_LeftForeArm/mixamorig_LeftHand/mixamorig_LeftHandMiddle1","mixamorig_Hips/mixamorig_Spine/mixamorig_Spine1/mixamorig_Spine2/mixamorig_LeftShoulder/mixamorig_LeftArm/mixamorig_LeftForeArm/mixamorig_LeftHand/mixamorig_LeftHandRing1","mixamorig_Hips/mixamorig_Spine/mixamorig_Spine1/mixamorig_Spine2/mixamorig_LeftShoulder/mixamorig_LeftArm/mixamorig_LeftForeArm/mixamorig_LeftHand/mixamorig_LeftHandRing1/mixamorig_LeftHandRing2","mixamorig_Hips/mixamorig_Spine/mixamorig_Spine1/mixamorig_Spine2/mixamorig_LeftShoulder/mixamorig_LeftArm/mixamorig_LeftForeArm/mixamorig_LeftHand/mixamorig_LeftHandPinky1","mixamorig_Hips/mixamorig_Spine/mixamorig_Spine1/mixamorig_Spine2/mixamorig_LeftShoulder/mixamorig_LeftArm/mixamorig_LeftForeArm","mixamorig_Hips/mixamorig_Spine/mixamorig_Spine1/mixamorig_Spine2/mixamorig_LeftShoulder/mixamorig_LeftArm/mixamorig_LeftForeArm/mixamorig_LeftHand","mixamorig_Hips/mixamorig_Spine/mixamorig_Spine1/mixamorig_Spine2/mixamorig_LeftShoulder/mixamorig_LeftArm/mixamorig_LeftForeArm/mixamorig_LeftHand/mixamorig_LeftHandThumb1","mixamorig_Hips/mixamorig_Spine/mixamorig_Spine1/mixamorig_Spine2/mixamorig_LeftShoulder/mixamorig_LeftArm/mixamorig_LeftForeArm/mixamorig_LeftHand/mixamorig_LeftHandMiddle1/mixamorig_LeftHandMiddle2","mixamorig_Hips/mixamorig_Spine/mixamorig_Spine1/mixamorig_Spine2/mixamorig_LeftShoulder/mixamorig_LeftArm/mixamorig_LeftForeArm/mixamorig_LeftHand/mixamorig_LeftHandPinky1/mixamorig_LeftHandPinky2","mixamorig_Hips/mixamorig_Spine/mixamorig_Spine1/mixamorig_Spine2/mixamorig_LeftShoulder/mixamorig_LeftArm","mixamorig_Hips/mixamorig_Spine/mixamorig_Spine1/mixamorig_Spine2/mixamorig_LeftShoulder/mixamorig_LeftArm/mixamorig_LeftForeArm/mixamorig_LeftHand/mixamorig_LeftHandThumb1/mixamorig_LeftHandThumb2","mixamorig_Hips/mixamorig_Spine/mixamorig_Spine1/mixamorig_Spine2/mixamorig_LeftShoulder/mixamorig_LeftArm/mixamorig_LeftForeArm/mixamorig_LeftHand/mixamorig_LeftHandThumb1/mixamorig_LeftHandThumb2/mixamorig_LeftHandThumb3","mixamorig_Hips/mixamorig_Spine/mixamorig_Spine1/mixamorig_Spine2/mixamorig_LeftShoulder/mixamorig_LeftArm/mixamorig_LeftForeArm/mixamorig_LeftHand/mixamorig_LeftHandIndex1/mixamorig_LeftHandIndex2/mixamorig_LeftHandIndex3","mixamorig_Hips/mixamorig_Spine/mixamorig_Spine1/mixamorig_Spine2/mixamorig_LeftShoulder/mixamorig_LeftArm/mixamorig_LeftForeArm/mixamorig_LeftHand/mixamorig_LeftHandMiddle1/mixamorig_LeftHandMiddle2/mixamorig_LeftHandMiddle3","mixamorig_Hips/mixamorig_Spine/mixamorig_Spine1/mixamorig_Spine2/mixamorig_LeftShoulder/mixamorig_LeftArm/mixamorig_LeftForeArm/mixamorig_LeftHand/mixamorig_LeftHandRing1/mixamorig_LeftHandRing2/mixamorig_LeftHandRing3","mixamorig_Hips/mixamorig_Spine/mixamorig_Spine1/mixamorig_Spine2/mixamorig_LeftShoulder/mixamorig_LeftArm/mixamorig_LeftForeArm/mixamorig_LeftHand/mi