[1,0,0,[["cc.Skeleton",["_name","_hash","_joints","_bindposes"],0,12]],[[0,0,1,2,3,4]],[[0,"Skin-1",4060517574,["mixamorig:Hips/mixamorig:Spine/mixamorig:Spine1/mixamorig:Spine2/mixamorig:Neck/mixamorig:Head","mixamorig:Hips/mixamorig:Spine/mixamorig:Spine1/mixamorig:Spine2/mixamorig:Neck","mixamorig:Hips/mixamorig:Spine/mixamorig:Spine1/mixamorig:Spine2","mixamorig:Hips/mixamorig:Spine/mixamorig:Spine1/mixamorig:Spine2/mixamorig:LeftShoulder","mixamorig:Hips/mixamorig:Spine/mixamorig:Spine1/mixamorig:Spine2/mixamorig:LeftShoulder/mixamorig:LeftArm","mixamorig:Hips/mixamorig:Spine/mixamorig:Spine1/mixamorig:Spine2/mixamorig:RightShoulder","mixamorig:Hips/mixamorig:Spine/mixamorig:Spine1/mixamorig:Spine2/mixamorig:RightShoulder/mixamorig:RightArm"],[[[7,0.8383988738059998,-1.4182852224519167e-18,-0.5450571775436401,0,0,1,-2.6020852139652106e-18,0,0.5450571775436401,2.1815852612368882e-18,0.8383988738059998,0,2.232549091275393e-15,0.6156260371208191,0.0691014975309372,1],[7,0.8383988738059998,-1.4182852224519167e-18,-0.5450571775436401,0,0,1,-2.6020852139652106e-18,0,0.5450571775436401,2.1815852612368882e-18,0.8383988738059998,0,2.232549091275393e-15,0.8868453502655029,0.06155707314610481,1],[7,0.8383988738059998,-0.0031538293696939945,-0.5450480580329895,0,0,0.9999832510948181,-0.00578623590990901,0,0.5450571775436401,0.004851173609495163,0.8383848071098328,0,2.232549091275393e-15,1.170098066329956,0.056424543261528015,1],[7,0.543130099773407,0.7054815292358398,-0.45530813932418823,0,0.005811529699712992,-0.545405924320221,-0.8381518721580505,0,-0.8396284580230713,0.4525794982910156,-0.30032631754875183,0,-0.0563947819173336,-0.6468780040740967,-0.7434911727905273,1],[7,0.5450035333633423,0.8360811471939087,-0.06276511400938034,0,0.009268704801797867,-0.08086337149143219,-0.9966821074485779,0,-0.8383824825286865,0.5426135063171387,-0.051820214837789536,0,-0.0533275380730629,-0.49900221824645996,-1.1155810356140137,1],[7,-0.5367934703826904,-0.7054815292358398,0.46276190876960754,0,-0.005758510436862707,-0.545405924320221,-0.8381522297859192,0,0.8436940312385559,-0.4525794982910156,0.28870782256126404,0,0.05645394325256348,-0.6462518572807312,-0.7438951134681702,1],[7,-0.5545544028282166,-0.830503523349762,0.05228063836693764,0,0.02716463804244995,-0.08085981011390686,-0.9963552355766296,0,0.8317039608955383,-0.5511130094528198,0.06740149110555649,0,0.08562710881233215,-0.49948444962501526,-1.1130790710449219,1]],8,8,8,8,8,8,8]]],0,0,[],[],[]]
