[1,0,0,[["cc.Skeleton",["_name","_hash","_joints","_bindposes"],0,12]],[[0,0,1,2,3,4]],[[0,"Skin-5",3371178395,["mixamorig:Hips","mixamorig:Hips/mixamorig:LeftUpLeg","mixamorig:Hips/mixamorig:RightUpLeg","mixamorig:Hips/mixamorig:Spine/mixamorig:Spine1/mixamorig:Spine2","mixamorig:Hips/mixamorig:Spine/mixamorig:Spine1/mixamorig:Spine2/mixamorig:Neck","mixamorig:Hips/mixamorig:Spine/mixamorig:Spine1/mixamorig:Spine2/mixamorig:Neck/mixamorig:Head","mixamorig:Hips/mixamorig:Spine/mixamorig:Spine1/mixamorig:Spine2/mixamorig:RightShoulder/mixamorig:RightArm","mixamorig:Hips/mixamorig:Spine/mixamorig:Spine1/mixamorig:Spine2/mixamorig:RightShoulder/mixamorig:RightArm/mixamorig:RightForeArm","mixamorig:Hips/mixamorig:Spine/mixamorig:Spine1/mixamorig:Spine2/mixamorig:RightShoulder/mixamorig:RightArm/mixamorig:RightForeArm/mixamorig:RightHand","mixamorig:Hips/mixamorig:Spine/mixamorig:Spine1/mixamorig:Spine2/mixamorig:RightShoulder/mixamorig:RightArm/mixamorig:RightForeArm/mixamorig:RightHand/mixamorig:RightHandMiddle1","mixamorig:Hips/mixamorig:Spine/mixamorig:Spine1/mixamorig:Spine2/mixamorig:LeftShoulder","mixamorig:Hips/mixamorig:Spine/mixamorig:Spine1/mixamorig:Spine2/mixamorig:LeftShoulder/mixamorig:LeftArm","mixamorig:Hips/mixamorig:Spine/mixamorig:Spine1/mixamorig:Spine2/mixamorig:RightShoulder","mixamorig:Hips/mixamorig:Spine","mixamorig:Hips/mixamorig:Spine/mixamorig:Spine1","mixamorig:Hips/mixamorig:Spine/mixamorig:Spine1/mixamorig:Spine2/mixamorig:RightShoulder/mixamorig:RightArm/mixamorig:RightForeArm/mixamorig:RightHand/mixamorig:RightHandThumb1","mixamorig:Hips/mixamorig:Spine/mixamorig:Spine1/mixamorig:Spine2/mixamorig:LeftShoulder/mixamorig:LeftArm/mixamorig:LeftForeArm/mixamorig:LeftHand/mixamorig:LeftHandRing1","mixamorig:Hips/mixamorig:Spine/mixamorig:Spine1/mixamorig:Spine2/mixamorig:LeftShoulder/mixamorig:LeftArm/mixamorig:LeftForeArm/mixamorig:LeftHand/mixamorig:LeftHandPinky1","mixamorig:Hips/mixamorig:Spine/mixamorig:Spine1/mixamorig:Spine2/mixamorig:LeftShoulder/mixamorig:LeftArm/mixamorig:LeftForeArm","mixamorig:Hips/mixamorig:Spine/mixamorig:Spine1/mixamorig:Spine2/mixamorig:LeftShoulder/mixamorig:LeftArm/mixamorig:LeftForeArm/mixamorig:LeftHand","mixamorig:Hips/mixamorig:Spine/mixamorig:Spine1/mixamorig:Spine2/mixamorig:LeftShoulder/mixamorig:LeftArm/mixamorig:LeftForeArm/mixamorig:LeftHand/mixamorig:LeftHandThumb1","mixamorig:Hips/mixamorig:Spine/mixamorig:Spine1/mixamorig:Spine2/mixamorig:LeftShoulder/mixamorig:LeftArm/mixamorig:LeftForeArm/mixamorig:LeftHand/mixamorig:LeftHandMiddle1","mixamorig:Hips/mixamorig:Spine/mixamorig:Spine1/mixamorig:Spine2/mixamorig:RightShoulder/mixamorig:RightArm/mixamorig:RightForeArm/mixamorig:RightHand/mixamorig:RightHandRing1","mixamorig:Hips/mixamorig:Spine/mixamorig:Spine1/mixamorig:Spine2/mixamorig:RightShoulder/mixamorig:RightArm/mixamorig:RightForeArm/mixamorig:RightHand/mixamorig:RightHandPinky1","mixamorig:Hips/mixamorig:Spine/mixamorig:Spine1/mixamorig:Spine2/mixamorig:RightShoulder/mixamorig:RightArm/mixamorig:RightForeArm/mixamorig:RightHand/mixamorig:RightHandThumb1/mixamorig:RightHandThumb2"],[[[7,1,0,0,0,0,1,0,0,0,0,1,0,-4.3408135675957545e-17,-0.8951341509819031,0.039266545325517654,1],[7,-1,-1.2246443379561057e-16,-2.467153547891606e-19,0,1.2246468525851679e-16,-0.9999979734420776,-0.0020145836751908064,0,0,-0.0020145836751908064,0.9999979734420776,0,0.254968523979187,0.7902703881263733,0.04223793372511864,1],[7,-1,-1.2246440732583097e-16,-2.5661262251714586e-19,0,1.2246468525851679e-16,-0.9999977946281433,-0.0020954012870788574,0,0,-0.0020954012870788574,0.9999977946281433,0,-0.254968523979187,0.7902666926383972,0.042414724826812744,1],[7,1,0,0,0,0,0.9999832510948181,-0.00578623590990901,0,0,0.00578623590990901,0.9999832510948181,0,-4.3408135675957545e-17,-1.555018663406372,0.044445350766181946,1],[7,1,0,0,0,0,1,-2.6020852139652106e-18,0,0,2.6020852139652106e-18,1,0,-4.3408135675957545e-17,-1.8381564617156982,0.03380991518497467,1],[7,1,0,0,0,0,1,-2.6020852139652106e-18,0,0,2.6020852139652106e-18,1,0,-4.3408135675957545e-17,-2.1093757152557373,0.041354335844516754,1],[7,-0.011611595749855042,-0.9966813325881958,0.08056969940662384,0,0.02716463804244995,-0.08085981011390686,-0.9963552355766296,0,0.9995635151863098,-0.009380627423524857,0.028013398870825768,0,-0.016131624579429626,-0.2788810133934021,1.6012134552001953,1],[7,0.023932073265314102,-0.9949008822441101,0.09797678142786026,0,0.0300303902477026,-0.09724518656730652,-0.9948073029518127,0,0.9992624521255493,0.02675008215010166,0.027549983933568,0,0.010440902784466743,-0.716984748840332,1.6139938831329346,1],[7,-0.2770668566226959,-0.9553781747817993,0.10240373015403748,0,-0.021909449249505997,-0.10026667267084122,-0.9947193264961243,0,0.9606007933616638,-0.2778473496437073,0.006848760414868593,0,-0.29411056637763977,-1.0672374963760376,1.6189512014389038,1],[7,0.035210058093070984,-0.9830195903778076,0.18009096384048462,0,0.01050525065511465,-0.1798286736011505,-0.9836418628692627,0,0.9993247389793396,0.03652598708868027,0.003995088394731283,0,0.05939589813351631,-1.0651187896728516,1.7120957374572754,1],[7,-0.0022858367301523685,0.8381565809249878,-0.5454248785972595,0,0.005811529699712992,-0.545405924320221,-0.8381518721580505,0,-0.9999805092811584,-0.005085631273686886,-0.003624262986704707,0,-0.044484592974185944,0.8394952416419983,1.5405747890472412,1],[7,-0.0000360388403350953,0.9967249035835266,-0.08086717873811722,0,0.009268704801797867,-0.08086337149143219,-0.9966821074485779,0,-0.9999570250511169,-0.0007854532450437546,-0.009235434234142303,0,-0.05083880573511124,-0.27862757444381714,1.6006357669830322,1],[7,0.009814435616135597,-0.8381566405296326,0.5453413128852844,0,-0.005758510436862707,-0.545405924320221,-0.8381522297859192,0,0.9999352693557739,0.0050856382586061954,-0.010179384611546993,0,0.04440053179860115,0.8398391604423523,1.540353775024414,1],[7,1,0,0,0,0,0.9999832510948181,-0.005786219146102667,0,0,0.005786219146102667,0.9999832510948181,0,-4.3408135675957545e-17,-1.083499550819397,0.044445332139730453,1],[7,1,0,0,0,0,0.9999832510948181,-0.00578623590990901,0,0,0.00578623590990901,0.9999832510948181,0,-4.3408135675957545e-17,-1.3035417795181274,0.044445350766181946,1],[7,0.8122376799583435,-0.5541920065879822,0.182047039270401,0,0.08758846670389175,-0.19267719984054565,-0.9773452877998352,0,0.5767132639884949,0.8097819089889526,-0.10795886069536209,0,0.908703625202179,-0.4433722198009491,1.6909617185592651,1],[7,-0.05631691589951515,0.9925653338432312,-0.10790009051561356,0,-0.012404256500303745,-0.108758844435215,-0.9939907789230347,0,-0.9983358979225159,-0.05464007332921028,0.01843699812889099,0,0.025934772565960884,-1.1873807907104492,1.6241395473480225,1],[7,0.08166629076004028,0.9111393094062805,-0.40392550826072693,0,-0.028915084898471832,-0.4029426574707031,-0.9147683382034302,0,-0.9962401986122131,0.08638527989387512,-0.006561162881553173,0,-0.1882539689540863,-0.6176773309707642,1.9073057174682617,1],[7,0.04343004524707794,0.9943506717681885,-0.09685347974300385,0,0.00573352724313736,-0.09719142317771912,-0.9952492117881775,0,-0.9990400075912476,0.042668405920267105,-0.009922164492309093,0,-0.08326660841703415,-0.715979814529419,1.6123456954956055,1],[7,-0.329214483499527,0.9367172122001648,-0.11907438933849335,0,0.021372266113758087,-0.11867978423833847,-0.9927025437355042,0,-0.944013237953186,-0.32935696840286255,0.019051335752010345,0,0.36650577187538147,-1.0155425071716309,1.6372551918029785,1],[7,0.8250691294670105,0.5383527874946594,-0.17157255113124847,0,-0.10960458964109421,-0.14539384841918945,-0.9832839965820312,0,-0.5542992949485779,0.8300824761390686,-0.06095403805375099,0,-0.8800908923149109,-0.4964057207107544,1.6880906820297241,1],[7,0.022297605872154236,0.9965079426765442,-0.08046580851078033,0,-0.021856626495718956,-0.07998069375753403,-0.9965567588806152,0,-0.9995124340057373,0.023979540914297104,0.019996924325823784,0,-0.027392109856009483,-1.2218396663665771,1.5928845405578613,1],[7,0.005936166271567345,-0.9484880566596985,0.3167572021484375,0,0.00749591551721096,-0.3167116940021515,-0.9484922289848328,0,0.9999542832374573,0.008004792965948582,0.005229733418673277,0,0.0686851292848587,-0.8052117824554443,1.8512080907821655,1],[7,0.018970832228660583,-0.9513705372810364,0.3074641525745392,0,0.00883660651743412,-0.3073479235172272,-0.9515562057495117,0,0.9997810125350952,0.020768752321600914,0.002576241036877036,0,0.13251899182796478,-0.8177858591079712,1.8281581401824951,1],[7,0.8122376799583435,-0.5163091421127319,0.27146783471107483,0,0.08758846670389175,-0.3521542549133301,-0.9318345785140991,0,0.5767132639884949,0.7806485891342163,-0.24081023037433624,0,0.9057683348655701,-0.1961493045091629,1.7477246522903442,1]],8,8,8,8,8,8,8,8,8,8,8,8,8,8,8,8,8,8,8,8,8,8,8,8,8]]],0,0,[],[],[]]
