[1,0,0,[["cc.Skeleton",["_name","_hash","_joints","_bindposes"],0,12]],[[0,0,1,2,3,4]],[[0,"Skin-9",573275518,["mixamorig:Hips/mixamorig:Spine","mixamorig:Hips/mixamorig:Spine/mixamorig:Spine1","mixamorig:Hips/mixamorig:Spine/mixamorig:Spine1/mixamorig:Spine2"],[[[7,0.8383988738059998,-0.003153820289298892,-0.5450480580329895,0,0,0.9999832510948181,-0.005786219146102667,0,0.5450571775436401,0.004851159639656544,0.8383848071098328,0,0.030008859932422638,0.33528900146484375,0.3291222155094147,1],[7,0.8383988738059998,-0.0031538293696939945,-0.5450480580329895,0,5.172727431690902e-19,0.9999832510948181,-0.00578623590990901,0,0.5450571775436401,0.004851173609495163,0.8383848071098328,0,0.030008859932422638,0.11524680256843567,0.3291222155094147,1],[7,0.8383988738059998,-0.0031538293696939945,-0.5450480580329895,0,0,0.9999832510948181,-0.00578623590990901,0,0.5450571775436401,0.004851173609495163,0.8383848071098328,0,0.030008859932422638,-0.13623003661632538,0.3291222155094147,1]],8,8,8]]],0,0,[],[],[]]
