[1,0,0,[["cc.Skeleton",["_name","_hash","_joints","_bindposes"],0,12]],[[0,0,1,2,3,4]],[[0,"Skin-3",2563125775,["mixamorig:Hips/mixamorig:Spine/mixamorig:Spine1/mixamorig:Spine2","mixamorig:Hips/mixamorig:Spine/mixamorig:Spine1/mixamorig:Spine2/mixamorig:Neck","mixamorig:Hips/mixamorig:Spine/mixamorig:Spine1/mixamorig:Spine2/mixamorig:Neck/mixamorig:Head","mixamorig:Hips/mixamorig:Spine/mixamorig:Spine1","mixamorig:Hips/mixamorig:Spine/mixamorig:Spine1/mixamorig:Spine2/mixamorig:LeftShoulder","mixamorig:Hips/mixamorig:Spine/mixamorig:Spine1/mixamorig:Spine2/mixamorig:LeftShoulder/mixamorig:LeftArm","mixamorig:Hips/mixamorig:Spine/mixamorig:Spine1/mixamorig:Spine2/mixamorig:RightShoulder","mixamorig:Hips/mixamorig:Spine/mixamorig:Spine1/mixamorig:Spine2/mixamorig:RightShoulder/mixamorig:RightArm"],[[[7,0.8383988738059998,-0.0031538293696939945,-0.5450480580329895,0,0,0.9999832510948181,-0.00578623590990901,0,0.5450571775436401,0.004851173609495163,0.8383848071098328,0,-4.562858291634794e-17,0.24618686735630035,0.00836842879652977,1],[7,0.8383988738059998,-1.4182852224519167e-18,-0.5450571775436401,0,0,1,-2.6020852139652106e-18,0,0.5450571775436401,2.1815852612368882e-18,0.8383988738059998,0,-4.562858291634794e-17,-0.03677232936024666,0.008155794814229012,1],[7,0.8383988738059998,-1.4182852224519167e-18,-0.5450571775436401,0,0,1,-2.6020852139652106e-18,0,0.5450571775436401,2.1815852612368882e-18,0.8383988738059998,0,-4.562858291634794e-17,-0.3079916536808014,0.015700217336416245,1],[7,0.8383988738059998,-0.0031538293696939945,-0.5450480580329895,0,5.172727431690902e-19,0.9999832510948181,-0.00578623590990901,0,0.5450571775436401,0.004851173609495163,0.8383848071098328,0,-4.562858291634794e-17,0.4976637065410614,0.00836842879652977,1],[7,0.543130099773407,0.7054815292358398,-0.45530813932418823,0,0.005811529699712992,-0.545405924320221,-0.8381518721580505,0,-0.8396284580230713,0.4525794982910156,-0.30032631754875183,0,-0.008362176828086376,-0.14285984635353088,0.030834270641207695,1],[7,0.5450035333633423,0.8360811471939087,-0.06276511400938034,0,0.009268704801797867,-0.08086337149143219,-0.9966821074485779,0,-0.8383824825286865,0.5426135063171387,-0.051820214837789536,0,-0.008489291183650494,-0.42427343130111694,-0.19453465938568115,1],[7,-0.5367934703826904,-0.7054815292358398,0.46276190876960754,0,-0.005758510436862707,-0.545405924320221,-0.8381522297859192,0,0.8436940312385559,-0.4525794982910156,0.28870782256126404,0,0.008374783210456371,-0.14277689158916473,0.030780719593167305,1],[7,-0.5545544028282166,-0.830503523349762,0.05228063836693764,0,0.02716463804244995,-0.08085981011390686,-0.9963552355766296,0,0.8317039608955383,-0.5511130094528198,0.06740149110555649,0,0.007159399334341288,-0.424299955368042,-0.19432367384433746,1]],8,8,8,8,8,8,8,8]]],0,0,[],[],[]]
